#/Users/julius/Dropbox/workspace/socialNetworkGeo/networker.py
# GMT Mon Mar 13 06:08:13 2017
# 
109000953 775209479864332288
1061920644
824324447872155657
46685091 27911072
2230458753
806583701748510720
2789717380
4374045554
247994789
142719224 202652212
1556854376
2834515346
597113937 200932969
297738067 135648503
43227566 114805380
742453635586482176
4842716160 57398614 15663355
331935779 86172121 137335332
220221363
2997742668
128738823 16930215
583374587 114301473
124973595 18931041 32645746
1697539795 10922662 108629984
831928752460357632 200932969
126788861 13446242 10922662 367801900 23224159
483594791 365148132
208192823
23659029 41725774
84188124 15458205 1981171 17002127 14768129 15445622 3009463406 4726081213 97318341 16754025 67359653
105419195 77600657 2334217530
753408283357040640
48470160 73763941
14815595
2834271487 3274016695
799717644790206464
2959514674 25401359
554961106 3329611214
637128123 629611388
816844694651019264 200932969
138071642 121549722
2896572210 200932969
764260959988781056
4735101110 350506226
2395452997
2793625853 113059388 80419790 143959209 47272257
320001284 291881319
2418568426
375366456 487711160
131009989 167132089
804087333591117824
3075756199
1965160921
2722173985
322281079 16930215 195799722 285136495 23224159 37589689
81956799 213530497
76250928 3992887632
721029714190598145
85650201 4329292753 711402168004124672
90894038 363744196
117657226 220202107
430368089 104976980
220515018 382299415 19954498 778488140
45010462 403205257
392272977 145389780 381370840
47758209 34483221
54553 8740842 837762356625158144 24234008 128652868 822125693475524609
184867105
10017692 1428440616
213530497 234433259 195951901 27824358 383522844
1223083572
115146839 2308634659 102544697 166790128
80637676 278345975
814989562963378176
2269251671
289010573 90540112
2358440641
785484602408177665 53106875 113447726
89211820 381586477
396780521 25401359
146676146 100127848
152539855 1927833792
93535798 26640415 63376202 92425859
747875873303433217
725023568 1963180286
729691882909925376 87356558
117694393 2230567471 46781192 116651570 89890122 167885206 218027668 539321915
410317804 25401359 149164129
40148705 418188780
747859423884877824
739151981793529856 175260484
222373405 605087464
792891728059510784
369848845
825077268162699264
317582489 3837501844 2896276397
380422302
766840982130204673 113447726 165476646
4503313212 165476646 87356558 2798927961 170419000
139188818 110814332
218519833 113447726 60733171 25401359 116666416 89097515 104976980
57510370 19191052 3105950502
3316202898 19191052 16930215
38218307 872286770
309245606 67778493
785263932034392064
751175777081696256
217574138 363744196
835316370283892737
82403665 37486039 10922662
190806683 3298757576 200932969
2581105596 41725774
26831122 553327380
619773747 26640415 25401359
811716561501388800 32645746
799372952299012097 165476646
824397331994808320 32645746
810475501013921793
19508140 24234008
334761125 2230567471
804548869271023616
54249023 258510047 37851060 803362044938436608 111102253 804094841600823297
1411784538
144283641 174807602 56920589 32336540 148095815 113447726
796839803950141441 21684308
794775757780230144
721681979599491072
128746006 152344016
1244929038 83762926
24764075 151614511 493713472 125828758
4085579712 57398614
275610869 836783921807441928
2415182965 191579642
4832965598
710609049788678147 2327702828
73763941
184877659 96867583
97622513 1220308764
220911116 146973421 235851589 37486039
711744266406469632 477511127
830975649519132672 1566743695
751104561448968192
238396311
778761518439477248 113059388 113447726 62346955 57398614 47272257
751273057767993344
2466266156 933233119 200932969
364493294
3894287780 419863341
238639110 17146229 32645746
66770881 72433740 66050973 200932969
703673874223738880 145389780
4183704718
120349524 44908466
739534162571497476
135648503 798295536939966464
37159209 37851060
267998134 86175640 117204238 40583484 56533205
582363220 106482213 103975120 16930215 21684308 392398073
1418228065 63376202
859086102 570665635 614460245
587086419 16930215
824818599437148161
1600438716
772899207963226116
809832022134886402 25401359 51950797
2833415396 778427315667599360
837762356625158144 368564193 17146229 32645746
1677220152 104976980 200932969
750117297495412736
813530443593043968
1263613874 60161813 294476898 67788043 2230567471
294915361 60608605 16930215 29857372
85997819
129889356 54201398
155110081 249680186
108424210 16930215
180984375 539557438
14761124 302172376 771909860992614400 2273700804
792724490572722176
2903271967 23224159 200932969
86172121
746282175650275328
722651243450081281
758138208467103744
722694445901160448
83259034 77600657
132252852 605087464
837445143460478977 50916591 274058390
201408123
822812790221991936 2851045284
158940149 80901651
435087450 977145200 318199555 2790368941
292502227 29187814 99542073
797163272835186688
3078851166 78451687
722559383515873280
95560134 248890969 71346802 61544951
3911203093
32157501 40981294
459655520
714105266967433216
506725724
803281004320407552 15249551 22529067 200932969
493713472 134943906 60608605 23224159 385521762
567358948 53106875 392398073
194826910 25401359 462440757 38313533 56920589 32336540 200932969
756083433340825600
763575628876525569
805815180340830209
204526492 114805380
714156400310558720
39437242 102544697 427867270
597026768
885063193
464344365 25512025 22529067 89097515 65231154
772205130229755904 3329611214
721194022753185792
255223469
755878028354457600
334819864
802753012468854784 165476646
756047395121659904
509079723
203699772 36100251
14092254 169747289
557442254 72433740 200932969
1367545628
146973421
2735784940 72433740 840558134 117861980 2843839078 248252915
343933976
283700793 36296179
722667777534922752
315554793 619755228
2790368941
36745546 65234434
3329472093
468133358
10922662 538438903 818159319841730564
716760678195814401
30782194 178075641
259139467 629611388
742528836898717696 933233119 68517707
250355844 200932969
290897127
700823986968506368
3974550674
1202602021 34964800 740925889 137136848 2858216266 200932969
819079138829074432 165476646 62346955
546113754 188813640
113447726 794323461610930176 779004020572712961 833443994709405696 1692513648 837190598180249600 719698303584202753 563964578 806211527342583808 829396502489374720 805905002543792128 157743757 1052827262 805816209610600448 14664343
823369834994040832
86663733 381586477 445171357
4540614026 32645746
154289911 2546333595
771909860992614400 137136848 106775151 43764203 208175891
455376721 137136848 17146229 47696270
817055181464600576
113226995 295973184
3273611894 57720572
1422381342
555113764 92325585
111102253 245152576 42916388 2760141 36070145 11829032
721194414186610688
831155435184889856
2973575668
28307598 328808457 15070097 2823862727 553327380
824868968607342592
756189603997024266
403205257
2497268743
363928537 3263755260
730446810389434368
406815231 363744196
617722592
4634779249
728644815315931138
3310226502
814292793908543489
19219542 24234008
809175455353839616 16930215
582504932 804901484290834432
145389780 816025466 106179873 4372050252 339936230
188813640
139856098
237001867
832313307730042880
477511127
44316552 2546333595
13395742 24234008 813971984501657600 805816209610600448 803871983310147584 803873877118111744
149250280 19191052
351666317 32645746
88586329 128652868
756170737950527488
13687822 807123013342789632
2588559596
806885627706953728 22529067 17146229
3150524563 200932969
749503230145654784
4665093259
756938921867513856
3281904511 43645800 200932969
1453500098 241279998
40711991 138302539
3111618324
102435344
2896276397
831932831815262208 67091099
3249756447
738865354596831232
590011976 26640415
94234638 415292755
3276855516 352453596
14768129
148428116 66469942
719761920862117889
38032997 300590387 114805380
226359954 15641805
3992887632 13606002 31337971
136357886
818702930417053696 195951901 32645746
768560833563467780
336958074
828047753875853312 1708341462
765421376240922624
206784000 336977896
101923438
97318341 65234434
73400850
1052827262 104976980
173860156 247072808
3190176260 89097515
59245947 3315364764 813971984501657600 804094841600823297 836783921807441928 803362044938436608 2598846871 805853417902051328 3196637712
91936679 138302539
354007030 1372491031
3009463406
756108036528304128
55259948 94953824 78188654 160590735
605087464 175430167 132689334
1664269458 2598846871
2444831540
195799722 738416674538442752 2546333595
781286553788227584 237198908 4595899813
807123013342789632 32336540 67788043
2851045284
724429100316823552 87356558
114671062
382507566 200932969
90097644 27911072
825127049182453766
1574569740 25401359 92425859
3318338280
794323461610930176
11302652 8740842
62346955 838236165870247936 798295536939966464 812506824423460868 1692513648 753330840986234880
750156980149448708
32336540 514620984 3255804170 15998343 734924662304440321 1898572879 715218421688848384 247440330 161773798 221512622 2308634659 104670245
807259247050301440
98460568 95544444
259271867
27824358
104039510 542934674 275663137
736400430289166337 87356558
629611388 1038768793 19191052 1614481015 570665635
235284680
8740842 13454332 36405503 85732859 665643 6038602 19074865 32447877 7100992
86164101 130184616 24831430
175430167 155718357 83296353
180968760 212631247
389265699 82379740 749372341 68341604
31337971 125346966
19244142 21711729
191579642
802518409539829760 37486039
240942323 130701422
808774074453397504
3272101136
154679695 138302539
152123503 37851060
85732859
175260484
113418542 126505179
125346966
3283049665
445171357
1063659925
715716510493216768
2301933896 41725774
130625061 54201398 1240147411 227203332
774401618473201664 25401359 200932969
715255929621450752 92425859
1436622787 113059388
275370346 2941629611 200932969
619755228 44716946
418256745
122211977 26640415 27050738
120890091 300590387
833198353341104128 104976980
287545251 329497903
7100992
2863184324
19191052 458935113 45302440 380559266 326525201 127113069 106820388 4925733990 83296353 362723025 824403328343748608 353234334 129642668
940709077 2474552958
727483382020472832
60733171 633087101 393589541
67091099 96867583
285136495 151614511
111444106
473647940 20572669 392398073 115279796 103975120
160590735
835245308737093632
826582418970857472 53106875 32645746
722540079730655232
805816209610600448 23224159 37626336 13446242 16930215 200932969
44527689 188593063
79283 9815702
99590206 100356720 32645746
4509246808 200932969
237990518 220202107
740348927967297536
838236165870247936 297068660
3462130764
125910022 2608842829
828383540685455361 200932969
36296179 2414846844 945070640 2546333595
419863341
101877612 114805380
760369764682399744
405374922 25401359
2874488142
156733637 124201028
71346802
3318056550 16930215
745134245065064449 32645746
102249777 296074599
145339628 381586477
478998564
753054233323331585
747866129213833216
809637868859703297
2952484084
46165920 37851060
792720326811643904
712752325 609561820
17002127
2431353823 89097515
665643
286480608 47736553 104976980
20651473 67788043
35274145 39855304
2646080982 1311213606 200932969
821142343193690112
53106875 102544697 105008056 3219776533 812758131277107200 812891703950667776 373945478 566052003 778696810797813767 798295536939966464 2954022386 395603378 758097366175985664 1398446167 385041138 149199886 1380431988 755818377818419200 508028955 3041546298 157743757 1220308764 3024273242 1038463398
23977222 169747289
867380738
116612351 758059401928249344 749292303366254593
102544697 116666416 25401359 1472692416 92425859
56533205 130701422
553327380 72433740 23224159 46904887 252755023 200932969
751108483437760512
482463891 309338820
753602251
479664678 25401359
2582495722
307077189 365148132
156468563
161773798 25401359
830480723895271425
105559894 3329611214
71278454 422532310
720593202697388033
2355755834 86405546
301139346 278345975
138302539 125521146 102521476 132376480 124403702
740925889
61544951
757657026973401088
813107851556102144
103449632 765131136
189542514 47736553
214154262 292427637
231318983
3494032572
145443322 796085582791208961
247760803 581187973
721197574355611649
755914785204699143
2890370272 25401359 40583484
1104388968 67788043
328808457
117247698 157910065
3250943934
35624109 547400835
722399126382649344
398301895 3329611214
166225515
295973184 302285547
86343953 116314059
2703582490
2827792281 92425859
818159319841730564 25401359 32645746
83762926
112852425 95544444
787340772643213312
1285202754 3274016695
152015758 90540112
136861868 89097515
2198429808 104976980
309706251 65453637 195951901
721194058044043264
284242657 2924328862
746262605900185601
109644441 432710841
91628518 744387794361954304
68517707 744387794361954304
56920589
129899378
36058028 129642668
547400835 69741875 32645746
755490355269689345
3421315407
300045968 114301473
2988149836
106820388 1537161282 54201398
738416674538442752
744355072914620416
57720572
306316419 61078636 519076162
761773633840701444
200932969 24661045 83756641 834425055828463617 116839638 304662427 2331201102 2686217022 2802672356 703031633197162496 296514622 224828033 2989056372 595811743 831537383195738118 2355706430 856688617 302172376 2198940318 3754735699 803362044938436608 872286770 729768354 408751194 2985054293 546916489 796085582791208961 2823862727 627037807 1898572879 803877744157278208 4009322129 569574934 90540112 830614679961665537 4477735094 461507757 725085903719297024 2454367399 3255804170 720400031212134402 2784140816 260514164 2174982848 833443994709405696 2996486722 2214679278 818510627878514688 160638958 87831391
710295181803696129
1472692416
28121809 872286770 59343507 27911072
1380770852 17146229 15641805
168040763
816806603458572293
516014213 2546333595
803677780105773060
246155166 5920162
720535733954588672
758098531500437504
367801900
273206407 112305567
45220969 418188780
817121137498976258
553772490
2327702828 3024273242 2946698244
85716999 220202107
195951901 87350793 92325585 2823862727 2616012804 2942401665 1549090376 767419768559153152 1010354516 103075472 2574120409 786936975479623681 121549722 1398446167 188593063 828142993
769955004
736237232697135105 105923096 17051065 125798632 104991310
779687285235159041
239066454
1599394586
756104754955247616
831299530754764801
2870133347 2823862727
825104909024493568 35012952
90946445 195218925
162226501
86641218
166182897 1008939356
241279998 29187814 57398614
745987587613986816 2696253544
1692513648 462440757
38293203 3837501844 717930880149229568
2723685812
102421137 793514727309578240
248252915
44645182 11095422
87350793 25401359 398324307 32645746
825765214448558080
720582551463727104
773892424141770752
3151071092
144997411 104976980
3027287561 47272257 40583484
291926899 25512025 713251165 25515366
247072808 5920162 106775151 177255227 32645746
3301088983
66469942 72433740 17146229
825907652744056832
107523704 90742698 496062917
774262789103816708 23224159
338602504
19778207 15070097
897855134
825150505366065152
238826541
830460591730987008
579936212
824339188157992964 35012952
115987223 53434947
1549090376
22286526 2546333595
2225541949
605098975 25401359
758713238955503618
795173125
824403328343748608
807027042265038848 71630892 63376202
826176086774075392 165476646
71630892
788226886262411264 50916591 87356558
750152407137517568
760215255515590656 2843839078 42492322
715030279379935232 50916591
23224159 59343507 151614511 100127848 2419668962 801985285349396480 3287687850 857422219 872286770 4755800948 2680145742 221512622
2713084999
19954498 125150304
804776312279707648
59609214 2598846871
81765793 220202107
812922044337659904
778488140
619577214 190064416
3105950502
1242363062 342520215
553742078
3313641788 37486039
188414030
128652868 282141945
306944668
872286770 6878762 140666847 214372994 108759911 32645746 174941514 106960233
739949361577230336 2277910224
115566178 166790128
36888343 96867583
830614679961665537
382299415
65231154 157910065 2342703530 619506262
1478772428 22529067
154405125 15070097
462597276 76665246
2300131236 50916591 165476646 274058390
247860492
52834286 767220695575072768
54089582 113173341 89097515 32645746
836587567
2395292275 1264746990
830815915709231105
148009946 106216983
3120421217
105008056
195243664
1113216384
429357011
4755800948 326475117
2686217022
756113783853047808
2300278010 757640201959202816
824314669368123392
757640201959202816
831348298304794624
191193397 744387794361954304
3829380252
44908466
140526406 365148132
6038602 59343507 24234008 24634778
933313159 44415694
772275962062843905
1526150558
148095815
398324307 188593063
756122367538126848
751122678505955332
714948085458141184 126803767 722570682819747840
100032272 106179873
1038768793
779105457424117760
86117102 39855304
57017879 130701422
4633127221 50916591 274058390
810972374984228864
131034657 2270036995
722573583424159744
432710841
2546333595
68341604
24634778
167132089 590177181 43764203 2760141
68311784 126748704
129642668
1355994019 829734747739824128
725138182111551488
100127848 34860255
2390092753
31630403 149007127 41725774
1969566050 1000505888
614460245
1218795331 703031633197162496
104645981 132973443
174941514
747864052202868736
751132280463171584
750054961271099392
581187973
98522179 106916801
2163009686 152344016
126629925 47736553
519076162
985870507 25401359
720400031212134402 137136848 17146229 146720941
2273700804 42774196
721207723879243776
15070097 240550564
106129442 59477012 54201398 101124043 22525661
735562506962247680 754914183481729024
2880188920
160638958 43645800
70574193 459769640
463323014 709461858952949760
15445622
4863081864
78188654
82996051 1613973894
818650708853420032 16930215 32645746
773025872144064512
149164129
751106031539916800
3719161813 25401359
712466569025036289
763493461236387840
445797382
39855304 69135909 76745475 227823422
24234008 16214888 5920162 33159033 120518575 37626336
19188493 3263755260
267776884 136375846 47736553
3521865432
125729222 130701422
125150304
1321751701 816659168
2201772770
2199746654
174520959 49803623
218356928 25401359 17146229 32991790
835212199446487040
3274016695 50188193
796001652222214144 32645746
194195300 252379545
2951685086
2992803344 25401359 2972759319
296514622 32645746 43645800
418188780 399858781 88800815
756044341865549824
828358541564006400 165476646
2989056372
1240147411
775763193243271168
831537383195738118
59477012
3063747984 104976980
833053227566374912 2798927961
2502459985 165476646 2798927961 3226685065
298280496 42899665 44415694
43266718 139562451
4900633453
157910065 66892817 138915252 32645746 92425859
785359170270658560
721127504006615040
862178449
54256111 45302440
136375846
109697077 245186738
2579684587 72433740 137136848
787805476276666368
195218925 723062077
752560021595009024 405050666
756095942391107584
576547843
756197752753692672
1256078815 16930215
209392116
750152610309664769
731291932626849793
822300268146503680
174141765 130343560
106216983
722560064893095945
395603378 25401359
718968579652124672 50916591
1898572879
988038248 74484009 38204398
977145200
825761062033223680
3168857810 2153784152 22529067 43764203 8312972
831205290397757440 10698042 8312972 89097515
2230567471 276432513 4158688700
803868723291385856
769150302243135488
618613856
291881319
399858781
2996574426
756223154767421444
755895137239232512
2972759319
824365158357172224
236633527 570665635 102521476 1167440406
338728943 1195338078
3109049825
824514535126032385
92774144 2598846871
4740441433 2571124231
112305567 92792108
77600657 1616496410 67103019
3244161912
245152576
149199886
133055367
4862365047
797058380200296449
570665635 345772171 609399943
474219596
13000102 811787151104966656 329497903
2753666461 165476646
758535084186087425
829734747739824128
339973916 781916510113509376
625236928 113059388 102190521
539321915
318589740
289143506 1194285378
1425944042
720562459119988736
47626508 300590387
275663137
805571763576786944
2917008965
799468055717875712 50916591 87356558
29556089 155718357
1566743695
2496409480 3310878024
1090747046 165476646
539557438 44415694
1549616348
2303985116
1981171
1138668751
709461858952949760
97299807 365148132
132376480
69741875
816659168
57398614 812891703950667776 726997351445880832 744387794361954304 340076968
13606002
831389787353444354
818351237162668032
785665907636834304
538438903 37486039
2510791724 115214070 47520724
719394670246105088 87356558
343565388 83756641
146720941
111094861 83912380 18209225
90527682 192682010
77100175 821894175557718016 124599617
833443994709405696 47736553
720562647729577984
72585210 329497903
38313533
778427315667599360 97572824 32645746
791915952
2263731205 783089282462343168
3024273242 25401359 47272257 32645746 113059388
185270577
729768354
805128194718367744
744172689158447104
80368657 833344197226856449
4604624364
67778493 2348072587 711402168004124672
327058886 47736553 519952294
112620104 269303162
3770068648
783377720 152344016
116666416 157743757 14664343
746347779375521792 50916591 165476646
216950766 458935113
832331932826480640 436335906
36952149 151614511
75381284 301067229
824374205278015488 35012952
60608605
751283798373863425
4406293817
3558700275
612133140 114805380
806211527342583808
767220695575072768
755939978434273280
506760670
786771464 25401359
69135909
51950797 624941286 508091089
3041546298 25401359
780604537371361280 819406314526752768
385521762
116692346
2334217530 59208163
823744779607539714
29187814 725085903719297024 1580834521 828788253780279296 301148948
835247311638822912
115214070
39366213 169747289
408751194 80419790 213934211
86405546 37486039
3226685065 4605532513 885382778 833778810025865216 816673605421559808 4665206233
4651258081
814672935663403008
83756641 67788043
113173341
240550564
834425055828463617 25401359 17146229
260514164 72433740 260486367
20572669
484328321
851877870 114805380
65163482 90742698
9815702 26640415 5920162 108510712
16930215 813971984501657600 4164570372 339936230 3010612792 496062917 240993204 805853417902051328 829939846370177025 803611081738485760 836783921807441928 2696105934 719698303584202753 821079244545650690 139562451
155711288 189753468
756331471556653056
2843839078
461507757
627037807
2348072587 78451687
1450087279
1920582378
757057897478008832
116639755 775209479864332288
327187789
747121776111587328
734924662304440321
833778810025865216
168196026 487711160
274058390 4766976675 758297773238198272 816673605421559808 50916591 757981575388684288
1008939356 25401359 78451687
3242593024 165476646 2798927961
186048745 114805380
275257577 812758131277107200
818599522406465536
114805380 42761158 51228828 205450879 207505545 183292130 613038529 219561427
126505179 346663804
487711160
3310878024
805974331482198016
134943906
705033219960401920
3178891735 25401359 67788043
459692188
2616012804 25401359 67788043
3311944184
292427637 74343308
276432513 457992972
229603174
71648341 1408978441
300672278 2823862727
83957535 60414339 69497315 245186738
114827298 107219038
794691058273697792
750439418876399616 165476646
353234334
2206535851
143959209
786447623548915712
719698303584202753
744387794361954304
134007020 25401359
3242763420
37589689 277075490
885382778 2798927961
813584402215145472 343668872
722620764118065153
2277910224
462502233 2696253544
519952294
47042816
3282906613
33224776
42761158
590177181
54992045 125828758
4534405333
782291863076208640
173211051
721524771683438596
214372994
280609461
2680145742 137136848 17146229 360104260
135336327 155718357
392398073
717930880149229568 63376202 32645746
607695654
101867986 52528982
751271017025146881
1216625988 135586311
3303617010
822906669134974976
756101774856097792
89890122
749292303366254593 716090137
3169202334
756113979953541120
823831345
722506138260910082
1548561128 151614511
4726081213
15361072 1053761965
755882771562762242
789524108530757632
106960233
793514727309578240
3158329988
37064111 92425859
722535863436107776
113118483
63376202 787303556336357376 381586477 778696810797813767 802986057574690816 2575527163 758097366175985664
755818377818419200 92425859 587807703
403533748 26640415 67788043
705857383960981504
140666847
217505056 180275605
66892817
284224617
42916388
767419768559153152
360828280 88249372 40583484
834503509697581058
722570682819747840
758147687900262400
563156576
813971984501657600 13446242 22529067
835331846586060800 1700832026
614919506 157743757
3384126412
756175473927938048
563964578 80670371
83912380
205974719 2840654705
945070640
708539105169178624 224718566
188505467 43764203 67788043
42492322
800033641850085376
4086077959
2549350026
4765691074 50916591
722686237535006720
4760665068
2608842829 2348988775
149007127
747129120006508545
573081407
1470954085 47736553
150423327 301067229
3277670640 74596930
329497903 156358069 65661646 240034971
746319207843913728
37851060 6878762 90339567 14213549 61017500 37787107
3255804170
798733040801366016
89097515 192682010 393589541
332938508
4477735094
177255227
178075641
722878892
4675572463 165476646 2798927961
260486367 55045575 300590387
75837082 514620984
818320478909644800
1614481015
720504748181450752
37787107 151614511
180275605 67788043
161383926 805800678069243908
427867270 56736689 32645746
36566569 27911072
6878762 27911072
92062735
1860870918 155718357
38229126 73253165
212631247
2954022386
110814332 32432692
169765565
44415694 1927833792 4766976675
151614511 2811643723 108759911 322004861 14213549 1031649007
398218305
803871983310147584 17146229 13446242
67103019
751081278015991808
1380717859
2214679278
27050738
102521476
3298757576
776920234255003648 47736553
703031633197162496 17146229
61017500
124201028
787382695542128640
42899665
756187314896965632
805580102494982144
1106625240 166790408 284347224
25515366
2756019627
132973443 2760141
897916854 130701422
2427853250
121549722
817751832768327680
317892344
2715469502
751675016 95980739
99542073
78451687 812506824423460868
322004861 258510047
3303618163 354000457
47736553 458935113 741107402 837190598180249600 825125116568678401 633087101
723062077
829478727193128962
2914928904 188593063
722625525911392256
722798779724771328
28353028 220202107 42797250
1358527693
4329292753 165476646 87356558 2798927961
775794798493970433
350263696 2592274688
106482213
2348988775
248890969
798204730891763713
478852059
816455501303058432
24831430
2734465036 69036645 97139253 73936198 53434947
755901127334518785
80670371
103075472 5920162 32645746
61600761 11095422
128051259 458935113
127113069 92425859
821894175557718016
102190521
15641805 96867583 301148948
823361693061382146 87356558
32515439
47696270
2667064050
336977896 164545616 137155900
86642925 249680186
823003392213532672 17146229
815052256617828352 165476646
2592274688
59208163
805505517917454336
167885206
602861020
73146595
352453596
2985054293
619543654 2798927961
4338008354
717113648074850304
3287687850 32645746
751289774107873280
566830882 777681214735908864
90799659 302172376
717489992126316545
13454332
232674333 3244358180
81383246 92425859
722574464660172801
245190083
786758078565724160 50916591 165476646
15663355
802717142185455617
139562451 25401359
307993896
780876608601067520
462440757 116839638 301148948 546916489
748605921216053248
722631477016571904
111102920 798295536939966464 2419668962
313790795
833392548110548995
106916801
4321883533 601598849
156358069
126803767
3010612792
67788043 1613973894
2910380336
227823422
706337729919918081
2474552958
326475117
4605532513
15458205
726594557765255168 32645746
146180220
302285547
43764203 522035827
365148132
720649142343573505
2811643723
207505545
833344197226856449 113059388 32645746 86201225 411816687
2574120409 25401359 137136848 32645746
18209225
747153067028713472
822679439074955265
87831391 115310689
800454590592225280 165476646
105923096
80901651
240034971
104670245 160363034 137136848
2941629611
722501912512307201
1170422028
3837501844 73994242 25401359
106775151
90339567
465085468
27837876 127018187
224718566
106179873 139188629 67819405 40583484
2198940318 19275820
2308634659 220505657
336752055 146013635 113855145
90540112
142102416 3244358180
2716895871
1634582923
2171422191
2348022324 135593102
2598846871 102173355 411816687
83296353
261991050 508028955
117423277 24661045 787303556336357376
544910158
2854657896
746253297783234560
783089282462343168
81711979 179982652
2828571948
829859186976686081
812891703950667776
334384206
373945478
596051048
2996486722 17146229
747805083610517505
765131136 236534885 420428079
817091994585534466 165476646
2823862727 137136848
86201225
138915252
814860919973048320
249345501
715218421688848384
728332763611324417 32645746
27911072 69610666 22529067 25624546 2760141 2722551
16214888
508315570 41725774
13446242 1380431988 258510047
22525661
25624546
457992972
633087101 22529067
261486636
208717010
46781192
812758131277107200 411816687
822125693475524609
609561820
326504649
749544293107372032
749335538591760384
150283676
289274173
277075490
722478503837437953
1179958207 2946698244
772543797687312385
37626336
294476898
840558134
801318907315372033
88586422 58412165
411816687 152344016 422532310
2915725923
722720205575700480
796259534041792512 819406314526752768
135586311
819594505393344513
2696105934
1000505888 25401359 40583484
731430058343030784
801985285349396480
1220308764
756945158734802944 165476646
245186738 2946698244 2575527163
829396502489374720 32645746
249680186 272031929
469729355 711402168004124672
343668872
116839638 72433740
720561952368562177
33831174 2316411350
4549870394
3227773388 25401359
228561460
296074599
857422219
56736689
32645746 787303556336357376 798295536939966464 819406314526752768 775209479864332288 220202107 710238653159591936 789655657687515136 786936975479623681 166790128 711402168004124672 92325585 779004020572712961 753330840986234880 80964394 789657450307661824 748390282975129600 247440330 758297773238198272
73936198
837190598180249600 104976980 40583484
11829032
1601875130
716090137
14664343 25401359
380559266 66374824 2760141
130343560 2342703530
243435361 326525201
833538546967273472
16754025
124403702
247440330 25401359
34076467 169747289
747101397481558016
811787151104966656
126748704
141284395 109715200
137155900
45302440 2760141
798295536939966464
3102540374 137136848
771347710498643968
69036645
189939738
269212084 512891547 17146229 42774196 25401359
751123331835887616
1140372798
3158107004
730085130526588928
2259160820
255158139 15998343
3263755260
1198768136
813578669885181956
17575576 80964394
805830255915270145
205450879
3262675429
381586477
2521449947
755878560133419008
244691135
29857372
2787100946
3188014554
40583484 92325585 155718357
710238653159591936
92425859 802986057574690816 342473001 3148644877 152352718 489568098
73994242
235851589
3031450839
573269437
115310689
756172881986478081
799096984036458497
137335332
702690316944420864
2222324148 113059388 54201398 47272257
1927833792 338140589 17146229
338140589
78936875
1311213606
188593063 25401359
213934211
816799610043854848
345795119
766069075592278016
821079244545650690 368564193
790743692554350593 25401359
2946698244
117204238
94727515
2698823564
619506262 25401359
833440258406641665 2798927961
1689227078 165476646
67819405
69474382 15998343
146599964
4845571423
25512025 539578653 124599617
146013635
149700668
797843048889651200 165476646
1194285378 33964631 17146229
65453637
340076968 407822079
108629984
59343507 2760141 22529067
776596964091846657
1881458856
146613241
806896527813656576 25401359
3148644877
72433740 725085903719297024 796085582791208961 133807929 76665246
41725774 155496154 27918673 26676157 27114428
23884627 220202107
794037421
11095422 259579243
73253165
746250496533422081
116314059
2828977382 165476646
732628812454760448
405791433 97315562
101124043
109120307
520998515
726997351445880832
4656389844 165476646
96867583 923813406
41069266
794693174660911105
116651570
802986057574690816
1370001463
42797250
804901484290834432 82379740
508028955 5920162 588835477
166790128 133410424
4851488629
571254932
3783923652
236395212
822190774968348672
158511847
744168755316596736
3907184473
817191604570193921
713251165
753439624802865152
748390282975129600
309338820
804094841600823297 10698042 17146229 14213549 8312972
2571124231 100986115
2360279096
742517146744459264 50916591 2798927961
218027668
155718357 1537161282
405050666
1195338078 130236138
137817941 25401359
227203332
55045575
425922652 95544444
2798927961 2840654705 833151359138541568
196849895
3317985151
4158688700
613038529 786936975479623681
789655657687515136
125828758 14213549
3196738986
220505657
4771663760
174807602
4164570372 234877905
756078145674018816
756051119084806145
4009322129
4903322220
557200422 152344016
834968859002167296
52528982
152344016
749519454615248896
511064385 17146229
825640863493533697
434368370
261944010
2414846844 123484989
816434247506554880
795512106342879232
88249372
34860255 15998343
2747492681
756045706503319552
3676974794
2749681057
2722551
236534885
3244358180 267298087
3172977908
1931433662 74596930
836544114
74596930
1537161282
2956980941
253822906
720539004609945600
271016655 26640415 54201398
102541918
164545616
461529291
2331201102 478340249 17146229
74343308
27918673
20574972 86841934
120518575
489455910
282141945
722646623046758400
123484989
15249551
10698042 824851414522302464
828788253780279296
4665206233
781916510113509376
1016073500
109715200
93789367 775209479864332288
4414910472 25401359
1483733364
762347794199752704
385041138 54201398
443127403 26640415
755895375274315779
803877744157278208
283208440 624941286
100356720
21684308
833151359138541568 165476646
829939846370177025
3237457094
73025897
2784140816
747857459516182528
725090775122345984
720590683690676224
756164993096220672
2858216266
834447036820910082
808911440195227648
1260346100 2840654705
414567496 336835761
2165408348
2270036995
130701422
86841934
152352718 26640415
718536780 26640415 137136848
43645800
97572824
406567411
138062563 145677832
453700159
784463481823039488
756154416886087681
92792108
722649769403883520
768349671622225920
782059775345385472
1151995916 25401359
2911486358
489568098
315555528
1053761965
26640415 566052003 301148948 382818140
61078636
722590431557599232
66374824
2956139619
2155321339
2794229293 95980739
2935390709
44716946
368564193 836783921807441928
734806172075589633
25962648 722460726
3188280517
824851414522302464 87356558 2760141
67359653
1580834521 247415671
722420966089863168
320537751
741107402
825127678567206916
787303556336357376
825124950952513536
102543505
32432692
407822079
1398446167 80419790 47272257 113059388
546916489
34964800
90742698
1380431988
819406314526752768 237198908
2832207721
383522844
166790408
756193626691100672
478340249
220202107 93963592
92325585 107219038 113059388
1700832026 345772171
1195523047
1247474659
60414339
1041231649
866961488
135593102
3329611214 127687703
803362044938436608 17146229 22529067
601598849
4392324133 25401359
758297773238198272 50916591
3219776533
104991310
190064416
46322017 3031855158
2419668962
122796564
39631394 1327324592
778696810797813767
755926948195471360
127687703
806875210045591553 25401359 137136848
751085628884942848
97315562 137136848
53434947
1616496410
363744196
744149607505100800
755885125368442884
15857879
829730888275677184
722781182371491840
34483221
558211189
80419790 393589541
751232924318662656
1010354516
3754735699
219561427
330278956
252755023
97139253
2763981729
66050973
69610666
825125116568678401 22529067
2316411350
27114428
2760141
360104260
714602698817949696 104976980
3007761656
2714824513
1181997601
169747289
804082829864878081
189753468
923813406
152352125
4840247054
3346074423
711368460526292992
786936975479623681 25401359 117002954
301067229
117861980
88800815
748348064641912832
595615136
113855145
4564042219
183292130
157743757
831882451421106176
108510712
818510627878514688
450235874 2820516660
756046070333968384
794987207605952512 165476646
354000457
17146229 127018187 2802672356 595811743 1613973894 65234434 133807929 856688617 2174982848
836991735930765313 237198908
754914183481729024
336835761
2809912268
595811743
514620984
810521053432672256
184886868 1372491031
760288603058479104
4372050252 165476646 87356558
4063948393
722692172412252160
2395113986 214298098
165476646 768163087216091136 804898744349130752
3196637712
585330149
114301473
806613236296523776
362198290
41004018 192682010
247415671
83509244 278345975
42774196
133410424
300590387 2153784152 497480499 137136848
815317835576733696 25401359
3328726926
856688617
32447877
2803120482
93963592
259579243
756099049292492801
201200020
746019986284679168
297068660
15998343 101914618 208175891
726613379624800256
1592442156
721792812438593536
26676157
461637737
21711729 196418384
36405503
779004020572712961
107219038
234433259
877181312
3230988632
94953824
753330840986234880 113059388
725085903719297024
836783921807441928
95980739
87356558 4653445512
542934674
3007811145
720572556663787520
24661045
155496154
4700067618
818190222575878144
113476378
43572538 85418794
1624521283
252379545
775209479864332288
761815331849375744
202652212
316513320
1613973894 137136848
722511985779294208
580237436
835312748393283588
436335906
342473001
1090878014 2924328862
789657450307661824
27194255 701509592
179982652
142391909 828142993
115279796
115249027
3240192247
2355706430
278345975
170419000
36100251
254232432
722722183823417345
817252946266071042
224828033
756157479478824960
3315364764 25401359
826467761182408705
720524983798210561
155627803
357599852
798460231
792510962397876224
2342703530
816025466
587807703
37486039
539578653 240940023
309977672
2454367399
458935113
63854243
174730659
1134186386
340565687
1963180286
130184616
3145683714
803248940149710851
1038463398
707332289147985920
722716553951764480
701509592
750131098147954688
54201398 362723025
4595899813
803873877118111744 22529067
88854641 5920162
125798632
727980769872781312
133807929
76745475
272031929
194468064
2616122251
2830564532
609399943
1021044674
86175640
1539958458
734203045798518785
4737260035
33964631
345772171
152752924
22529067 496062917 805853417902051328 62865122 803611081738485760 221512622
522035827 8312972
1155342968
837005845846073344
124599617
756180352192905216
488799735 25401359 137136848
3138178252
833445517698797568
722489526841712642
756154270039306240
35012952
192682010
415292755
711402168004124672
722644099
890200675
756222157760434176
393589541
749002657432416256
750890790294065152
808159139524386816
50896554 722460726
508091089
812506824423460868
301148948
719680682155503620
763116724182921216
2200585922
751255546628538368
834129230992543744
821148945334161408
796085582791208961
803307646313000960
826815947742666753
32991790
19275820
2298759156
2576058114
2376399710
82379740
3031855158
1428440616
420428079
2820516660
38204398
445782176
76665246
789639409092014080
4862529379
3193831192
1609124354
284347224
60161813
267298087
2802672356
1708341462
749372341
362723025
117600170 25401359
326525201
1167440406
130236138
104976980
722745369826881537
273067307
2575527163
4653445512
110891636
221512622 5920162
723190028222926848
2228896393
2741579474
125521146
830623357368430592
258510047
18931041
816673605421559808 50916591
350506226
828142993 113059388
1031649007
2942401665
790240359863300096
720589556458741761
214298098
339936230
17051065
381370840
823655746458054657
47520724
624941286
805494860
2153784152
33159033
62865122
825025355975159809
496062917
809482931370622976
240940023
191340236
3296194519
95544444
392199779
815770309475401728
85418794
269303162
40981294
768163087216091136
25401359 382818140 566052003
758059401928249344 55371907
732692459323457537
814524977642926085
804898744349130752
208175891
127018187
196418384
100986115
827574274789605376
749562945806462976
14213549
785938167492775936
50916591 4766976675 757981575388684288
757981575388684288
714827128
139188629
132689334
237198908
1606653355
65234434
4925733990
19074865
55371907
805800678069243908
589493212
2562783093
113059388 805905002543792128
137136848
2191594620
431129180
51228828
240993204
2287489489
1262751158
426993857
497480499
117002954
1264746990
69497315
805905002543792128
3311909102
4903382773
1666318585
2924328862
750071021361922052
145677832
2696253544
74484009
18802697 80964394
49803623
133087797
747873016701386753
750229720344780800
422532310
65661646
741454172088852480
716545485150904320
828075417496006656
756156874890838016
1372491031
933233119
758097366175985664
150449582
318199555
1869233220 5920162
588835477
830483421847773184
304662427
47272257
50188193
722610729573081088
86575920
1327324592
160363034
234877905
234573109
4766976675
750152217114664961
46904887
36070145
722460726
777681214735908864
459769640
512891547
102173355
2334386592
382818140
821088398106427392
792039588260786176
1408978441
722512587192147968
851666582
566052003
342520215
2840654705
3114633017
794587021167603712
188020015
790404013346873344
39549522 80964394
3104325684
805853417902051328
5920162
1475553840
58412165
1005216312
803611081738485760
80964394
101914618
2174982848
108759911
346663804
302172376
569574934
2502359478
103975120
8312972
