#/Users/julius/Dropbox/workspace/socialNetworkGeo/networker.py
# GMT Mon Mar 13 06:08:13 2017
# 
109000953 1
775209479864332288 {}
1061920644 0
824324447872155657 0
46685091 1
27911072 {}
2230458753 0
806583701748510720 0
2789717380 0
4374045554 0
247994789 0
142719224 1
202652212 {}
1556854376 0
2834515346 0
597113937 1
200932969 {}
297738067 1
135648503 {}
43227566 1
114805380 {}
742453635586482176 0
4842716160 2
57398614 {}
15663355 {}
331935779 2
86172121 {}
137335332 {}
220221363 0
2997742668 0
128738823 1
16930215 {}
583374587 1
114301473 {}
124973595 2
18931041 {}
32645746 {}
1697539795 2
10922662 {}
108629984 {}
831928752460357632 1
200932969 {}
126788861 4
13446242 {}
10922662 {}
367801900 {}
23224159 {}
483594791 1
365148132 {}
208192823 0
23659029 1
41725774 {}
84188124 10
15458205 {}
1981171 {}
17002127 {}
14768129 {}
15445622 {}
3009463406 {}
4726081213 {}
97318341 {}
16754025 {}
67359653 {}
105419195 2
77600657 {}
2334217530 {}
753408283357040640 0
48470160 1
73763941 {}
14815595 0
2834271487 1
3274016695 {}
799717644790206464 0
2959514674 1
25401359 {}
554961106 1
3329611214 {}
637128123 1
629611388 {}
816844694651019264 1
200932969 {}
138071642 1
121549722 {}
2896572210 1
200932969 {}
764260959988781056 0
4735101110 1
350506226 {}
2395452997 0
2793625853 4
113059388 {}
80419790 {}
143959209 {}
47272257 {}
320001284 1
291881319 {}
2418568426 0
375366456 1
487711160 {}
131009989 1
167132089 {}
804087333591117824 0
3075756199 0
1965160921 0
2722173985 0
322281079 5
16930215 {}
195799722 {}
285136495 {}
23224159 {}
37589689 {}
81956799 1
213530497 {}
76250928 1
3992887632 {}
721029714190598145 0
85650201 2
4329292753 {}
711402168004124672 {}
90894038 1
363744196 {}
117657226 1
220202107 {}
430368089 1
104976980 {}
220515018 3
382299415 {}
19954498 {}
778488140 {}
45010462 1
403205257 {}
392272977 2
145389780 {}
381370840 {}
47758209 1
34483221 {}
54553 5
8740842 {}
837762356625158144 {}
24234008 {}
128652868 {}
822125693475524609 {}
184867105 0
10017692 1
1428440616 {}
213530497 4
234433259 {}
195951901 {}
27824358 {}
383522844 {}
1223083572 0
115146839 3
2308634659 {}
102544697 {}
166790128 {}
80637676 1
278345975 {}
814989562963378176 0
2269251671 0
289010573 1
90540112 {}
2358440641 0
785484602408177665 2
53106875 {}
113447726 {}
89211820 1
381586477 {}
396780521 1
25401359 {}
146676146 1
100127848 {}
152539855 1
1927833792 {}
93535798 3
26640415 {}
63376202 {}
92425859 {}
747875873303433217 0
725023568 1
1963180286 {}
729691882909925376 1
87356558 {}
117694393 7
2230567471 {}
46781192 {}
116651570 {}
89890122 {}
167885206 {}
218027668 {}
539321915 {}
410317804 2
25401359 {}
149164129 {}
40148705 1
418188780 {}
747859423884877824 0
739151981793529856 1
175260484 {}
222373405 1
605087464 {}
792891728059510784 0
369848845 0
825077268162699264 0
317582489 2
3837501844 {}
2896276397 {}
380422302 0
766840982130204673 2
113447726 {}
165476646 {}
4503313212 4
165476646 {}
87356558 {}
2798927961 {}
170419000 {}
139188818 1
110814332 {}
218519833 6
113447726 {}
60733171 {}
25401359 {}
116666416 {}
89097515 {}
104976980 {}
57510370 2
19191052 {}
3105950502 {}
3316202898 2
19191052 {}
16930215 {}
38218307 1
872286770 {}
309245606 1
67778493 {}
785263932034392064 0
751175777081696256 0
217574138 1
363744196 {}
835316370283892737 0
82403665 2
37486039 {}
10922662 {}
190806683 2
3298757576 {}
200932969 {}
2581105596 1
41725774 {}
26831122 1
553327380 {}
619773747 2
26640415 {}
25401359 {}
811716561501388800 1
32645746 {}
799372952299012097 1
165476646 {}
824397331994808320 1
32645746 {}
810475501013921793 0
19508140 1
24234008 {}
334761125 1
2230567471 {}
804548869271023616 0
54249023 5
258510047 {}
37851060 {}
803362044938436608 {}
111102253 {}
804094841600823297 {}
1411784538 0
144283641 5
174807602 {}
56920589 {}
32336540 {}
148095815 {}
113447726 {}
796839803950141441 1
21684308 {}
794775757780230144 0
721681979599491072 0
128746006 1
152344016 {}
1244929038 1
83762926 {}
24764075 3
151614511 {}
493713472 {}
125828758 {}
4085579712 1
57398614 {}
275610869 1
836783921807441928 {}
2415182965 1
191579642 {}
4832965598 0
710609049788678147 1
2327702828 {}
73763941 0
184877659 1
96867583 {}
97622513 1
1220308764 {}
220911116 3
146973421 {}
235851589 {}
37486039 {}
711744266406469632 1
477511127 {}
830975649519132672 1
1566743695 {}
751104561448968192 0
238396311 0
778761518439477248 5
113059388 {}
113447726 {}
62346955 {}
57398614 {}
47272257 {}
751273057767993344 0
2466266156 2
933233119 {}
200932969 {}
364493294 0
3894287780 1
419863341 {}
238639110 2
17146229 {}
32645746 {}
66770881 3
72433740 {}
66050973 {}
200932969 {}
703673874223738880 1
145389780 {}
4183704718 0
120349524 1
44908466 {}
739534162571497476 0
135648503 1
798295536939966464 {}
37159209 1
37851060 {}
267998134 4
86175640 {}
117204238 {}
40583484 {}
56533205 {}
582363220 5
106482213 {}
103975120 {}
16930215 {}
21684308 {}
392398073 {}
1418228065 1
63376202 {}
859086102 2
570665635 {}
614460245 {}
587086419 1
16930215 {}
824818599437148161 0
1600438716 0
772899207963226116 0
809832022134886402 2
25401359 {}
51950797 {}
2833415396 1
778427315667599360 {}
837762356625158144 3
368564193 {}
17146229 {}
32645746 {}
1677220152 2
104976980 {}
200932969 {}
750117297495412736 0
813530443593043968 0
1263613874 4
60161813 {}
294476898 {}
67788043 {}
2230567471 {}
294915361 3
60608605 {}
16930215 {}
29857372 {}
85997819 0
129889356 1
54201398 {}
155110081 1
249680186 {}
108424210 1
16930215 {}
180984375 1
539557438 {}
14761124 3
302172376 {}
771909860992614400 {}
2273700804 {}
792724490572722176 0
2903271967 2
23224159 {}
200932969 {}
86172121 0
746282175650275328 0
722651243450081281 0
758138208467103744 0
722694445901160448 0
83259034 1
77600657 {}
132252852 1
605087464 {}
837445143460478977 2
50916591 {}
274058390 {}
201408123 0
822812790221991936 1
2851045284 {}
158940149 1
80901651 {}
435087450 3
977145200 {}
318199555 {}
2790368941 {}
292502227 2
29187814 {}
99542073 {}
797163272835186688 0
3078851166 1
78451687 {}
722559383515873280 0
95560134 3
248890969 {}
71346802 {}
61544951 {}
3911203093 0
32157501 1
40981294 {}
459655520 0
714105266967433216 0
506725724 0
803281004320407552 3
15249551 {}
22529067 {}
200932969 {}
493713472 4
134943906 {}
60608605 {}
23224159 {}
385521762 {}
567358948 2
53106875 {}
392398073 {}
194826910 6
25401359 {}
462440757 {}
38313533 {}
56920589 {}
32336540 {}
200932969 {}
756083433340825600 0
763575628876525569 0
805815180340830209 0
204526492 1
114805380 {}
714156400310558720 0
39437242 2
102544697 {}
427867270 {}
597026768 0
885063193 0
464344365 4
25512025 {}
22529067 {}
89097515 {}
65231154 {}
772205130229755904 1
3329611214 {}
721194022753185792 0
255223469 0
755878028354457600 0
334819864 0
802753012468854784 1
165476646 {}
756047395121659904 0
509079723 0
203699772 1
36100251 {}
14092254 1
169747289 {}
557442254 2
72433740 {}
200932969 {}
1367545628 0
146973421 0
2735784940 5
72433740 {}
840558134 {}
117861980 {}
2843839078 {}
248252915 {}
343933976 0
283700793 1
36296179 {}
722667777534922752 0
315554793 1
619755228 {}
2790368941 0
36745546 1
65234434 {}
3329472093 0
468133358 0
10922662 2
538438903 {}
818159319841730564 {}
716760678195814401 0
30782194 1
178075641 {}
259139467 1
629611388 {}
742528836898717696 2
933233119 {}
68517707 {}
250355844 1
200932969 {}
290897127 0
700823986968506368 0
3974550674 0
1202602021 5
34964800 {}
740925889 {}
137136848 {}
2858216266 {}
200932969 {}
819079138829074432 2
165476646 {}
62346955 {}
546113754 1
188813640 {}
113447726 14
794323461610930176 {}
779004020572712961 {}
833443994709405696 {}
1692513648 {}
837190598180249600 {}
719698303584202753 {}
563964578 {}
806211527342583808 {}
829396502489374720 {}
805905002543792128 {}
157743757 {}
1052827262 {}
805816209610600448 {}
14664343 {}
823369834994040832 0
86663733 2
381586477 {}
445171357 {}
4540614026 1
32645746 {}
154289911 1
2546333595 {}
771909860992614400 4
137136848 {}
106775151 {}
43764203 {}
208175891 {}
455376721 3
137136848 {}
17146229 {}
47696270 {}
817055181464600576 0
113226995 1
295973184 {}
3273611894 1
57720572 {}
1422381342 0
555113764 1
92325585 {}
111102253 5
245152576 {}
42916388 {}
2760141 {}
36070145 {}
11829032 {}
721194414186610688 0
831155435184889856 0
2973575668 0
28307598 4
328808457 {}
15070097 {}
2823862727 {}
553327380 {}
824868968607342592 0
756189603997024266 0
403205257 0
2497268743 0
363928537 1
3263755260 {}
730446810389434368 0
406815231 1
363744196 {}
617722592 0
4634779249 0
728644815315931138 0
3310226502 0
814292793908543489 0
19219542 1
24234008 {}
809175455353839616 1
16930215 {}
582504932 1
804901484290834432 {}
145389780 4
816025466 {}
106179873 {}
4372050252 {}
339936230 {}
188813640 0
139856098 0
237001867 0
832313307730042880 0
477511127 0
44316552 1
2546333595 {}
13395742 5
24234008 {}
813971984501657600 {}
805816209610600448 {}
803871983310147584 {}
803873877118111744 {}
149250280 1
19191052 {}
351666317 1
32645746 {}
88586329 1
128652868 {}
756170737950527488 0
13687822 1
807123013342789632 {}
2588559596 0
806885627706953728 2
22529067 {}
17146229 {}
3150524563 1
200932969 {}
749503230145654784 0
4665093259 0
756938921867513856 0
3281904511 2
43645800 {}
200932969 {}
1453500098 1
241279998 {}
40711991 1
138302539 {}
3111618324 0
102435344 0
2896276397 0
831932831815262208 1
67091099 {}
3249756447 0
738865354596831232 0
590011976 1
26640415 {}
94234638 1
415292755 {}
3276855516 1
352453596 {}
14768129 0
148428116 1
66469942 {}
719761920862117889 0
38032997 2
300590387 {}
114805380 {}
226359954 1
15641805 {}
3992887632 2
13606002 {}
31337971 {}
136357886 0
818702930417053696 2
195951901 {}
32645746 {}
768560833563467780 0
336958074 0
828047753875853312 1
1708341462 {}
765421376240922624 0
206784000 1
336977896 {}
101923438 0
97318341 1
65234434 {}
73400850 0
1052827262 1
104976980 {}
173860156 1
247072808 {}
3190176260 1
89097515 {}
59245947 8
3315364764 {}
813971984501657600 {}
804094841600823297 {}
836783921807441928 {}
803362044938436608 {}
2598846871 {}
805853417902051328 {}
3196637712 {}
91936679 1
138302539 {}
354007030 1
1372491031 {}
3009463406 0
756108036528304128 0
55259948 3
94953824 {}
78188654 {}
160590735 {}
605087464 2
175430167 {}
132689334 {}
1664269458 1
2598846871 {}
2444831540 0
195799722 2
738416674538442752 {}
2546333595 {}
781286553788227584 2
237198908 {}
4595899813 {}
807123013342789632 2
32336540 {}
67788043 {}
2851045284 0
724429100316823552 1
87356558 {}
114671062 0
382507566 1
200932969 {}
90097644 1
27911072 {}
825127049182453766 0
1574569740 2
25401359 {}
92425859 {}
3318338280 0
794323461610930176 0
11302652 1
8740842 {}
62346955 5
838236165870247936 {}
798295536939966464 {}
812506824423460868 {}
1692513648 {}
753330840986234880 {}
750156980149448708 0
32336540 11
514620984 {}
3255804170 {}
15998343 {}
734924662304440321 {}
1898572879 {}
715218421688848384 {}
247440330 {}
161773798 {}
221512622 {}
2308634659 {}
104670245 {}
807259247050301440 0
98460568 1
95544444 {}
259271867 0
27824358 0
104039510 2
542934674 {}
275663137 {}
736400430289166337 1
87356558 {}
629611388 4
1038768793 {}
19191052 {}
1614481015 {}
570665635 {}
235284680 0
8740842 8
13454332 {}
36405503 {}
85732859 {}
665643 {}
6038602 {}
19074865 {}
32447877 {}
7100992 {}
86164101 2
130184616 {}
24831430 {}
175430167 2
155718357 {}
83296353 {}
180968760 1
212631247 {}
389265699 3
82379740 {}
749372341 {}
68341604 {}
31337971 1
125346966 {}
19244142 1
21711729 {}
191579642 0
802518409539829760 1
37486039 {}
240942323 1
130701422 {}
808774074453397504 0
3272101136 0
154679695 1
138302539 {}
152123503 1
37851060 {}
85732859 0
175260484 0
113418542 1
126505179 {}
125346966 0
3283049665 0
445171357 0
1063659925 0
715716510493216768 0
2301933896 1
41725774 {}
130625061 3
54201398 {}
1240147411 {}
227203332 {}
774401618473201664 2
25401359 {}
200932969 {}
715255929621450752 1
92425859 {}
1436622787 1
113059388 {}
275370346 2
2941629611 {}
200932969 {}
619755228 1
44716946 {}
418256745 0
122211977 2
26640415 {}
27050738 {}
120890091 1
300590387 {}
833198353341104128 1
104976980 {}
287545251 1
329497903 {}
7100992 0
2863184324 0
19191052 12
458935113 {}
45302440 {}
380559266 {}
326525201 {}
127113069 {}
106820388 {}
4925733990 {}
83296353 {}
362723025 {}
824403328343748608 {}
353234334 {}
129642668 {}
940709077 1
2474552958 {}
727483382020472832 0
60733171 2
633087101 {}
393589541 {}
67091099 1
96867583 {}
285136495 1
151614511 {}
111444106 0
473647940 4
20572669 {}
392398073 {}
115279796 {}
103975120 {}
160590735 0
835245308737093632 0
826582418970857472 2
53106875 {}
32645746 {}
722540079730655232 0
805816209610600448 5
23224159 {}
37626336 {}
13446242 {}
16930215 {}
200932969 {}
44527689 1
188593063 {}
79283 1
9815702 {}
99590206 2
100356720 {}
32645746 {}
4509246808 1
200932969 {}
237990518 1
220202107 {}
740348927967297536 0
838236165870247936 1
297068660 {}
3462130764 0
125910022 1
2608842829 {}
828383540685455361 1
200932969 {}
36296179 3
2414846844 {}
945070640 {}
2546333595 {}
419863341 0
101877612 1
114805380 {}
760369764682399744 0
405374922 1
25401359 {}
2874488142 0
156733637 1
124201028 {}
71346802 0
3318056550 1
16930215 {}
745134245065064449 1
32645746 {}
102249777 1
296074599 {}
145339628 1
381586477 {}
478998564 0
753054233323331585 0
747866129213833216 0
809637868859703297 0
2952484084 0
46165920 1
37851060 {}
792720326811643904 0
712752325 1
609561820 {}
17002127 0
2431353823 1
89097515 {}
665643 0
286480608 2
47736553 {}
104976980 {}
20651473 1
67788043 {}
35274145 1
39855304 {}
2646080982 2
1311213606 {}
200932969 {}
821142343193690112 0
53106875 23
102544697 {}
105008056 {}
3219776533 {}
812758131277107200 {}
812891703950667776 {}
373945478 {}
566052003 {}
778696810797813767 {}
798295536939966464 {}
2954022386 {}
395603378 {}
758097366175985664 {}
1398446167 {}
385041138 {}
149199886 {}
1380431988 {}
755818377818419200 {}
508028955 {}
3041546298 {}
157743757 {}
1220308764 {}
3024273242 {}
1038463398 {}
23977222 1
169747289 {}
867380738 0
116612351 2
758059401928249344 {}
749292303366254593 {}
102544697 4
116666416 {}
25401359 {}
1472692416 {}
92425859 {}
56533205 1
130701422 {}
553327380 5
72433740 {}
23224159 {}
46904887 {}
252755023 {}
200932969 {}
751108483437760512 0
482463891 1
309338820 {}
753602251 0
479664678 1
25401359 {}
2582495722 0
307077189 1
365148132 {}
156468563 0
161773798 1
25401359 {}
830480723895271425 0
105559894 1
3329611214 {}
71278454 1
422532310 {}
720593202697388033 0
2355755834 1
86405546 {}
301139346 1
278345975 {}
138302539 4
125521146 {}
102521476 {}
132376480 {}
124403702 {}
740925889 0
61544951 0
757657026973401088 0
813107851556102144 0
103449632 1
765131136 {}
189542514 1
47736553 {}
214154262 1
292427637 {}
231318983 0
3494032572 0
145443322 1
796085582791208961 {}
247760803 1
581187973 {}
721197574355611649 0
755914785204699143 0
2890370272 2
25401359 {}
40583484 {}
1104388968 1
67788043 {}
328808457 0
117247698 1
157910065 {}
3250943934 0
35624109 1
547400835 {}
722399126382649344 0
398301895 1
3329611214 {}
166225515 0
295973184 1
302285547 {}
86343953 1
116314059 {}
2703582490 0
2827792281 1
92425859 {}
818159319841730564 2
25401359 {}
32645746 {}
83762926 0
112852425 1
95544444 {}
787340772643213312 0
1285202754 1
3274016695 {}
152015758 1
90540112 {}
136861868 1
89097515 {}
2198429808 1
104976980 {}
309706251 2
65453637 {}
195951901 {}
721194058044043264 0
284242657 1
2924328862 {}
746262605900185601 0
109644441 1
432710841 {}
91628518 1
744387794361954304 {}
68517707 1
744387794361954304 {}
56920589 0
129899378 0
36058028 1
129642668 {}
547400835 2
69741875 {}
32645746 {}
755490355269689345 0
3421315407 0
300045968 1
114301473 {}
2988149836 0
106820388 2
1537161282 {}
54201398 {}
738416674538442752 0
744355072914620416 0
57720572 0
306316419 2
61078636 {}
519076162 {}
761773633840701444 0
200932969 49
24661045 {}
83756641 {}
834425055828463617 {}
116839638 {}
304662427 {}
2331201102 {}
2686217022 {}
2802672356 {}
703031633197162496 {}
296514622 {}
224828033 {}
2989056372 {}
595811743 {}
831537383195738118 {}
2355706430 {}
856688617 {}
302172376 {}
2198940318 {}
3754735699 {}
803362044938436608 {}
872286770 {}
729768354 {}
408751194 {}
2985054293 {}
546916489 {}
796085582791208961 {}
2823862727 {}
627037807 {}
1898572879 {}
803877744157278208 {}
4009322129 {}
569574934 {}
90540112 {}
830614679961665537 {}
4477735094 {}
461507757 {}
725085903719297024 {}
2454367399 {}
3255804170 {}
720400031212134402 {}
2784140816 {}
260514164 {}
2174982848 {}
833443994709405696 {}
2996486722 {}
2214679278 {}
818510627878514688 {}
160638958 {}
87831391 {}
710295181803696129 0
1472692416 0
28121809 3
872286770 {}
59343507 {}
27911072 {}
1380770852 2
17146229 {}
15641805 {}
168040763 0
816806603458572293 0
516014213 1
2546333595 {}
803677780105773060 0
246155166 1
5920162 {}
720535733954588672 0
758098531500437504 0
367801900 0
273206407 1
112305567 {}
45220969 1
418188780 {}
817121137498976258 0
553772490 0
2327702828 2
3024273242 {}
2946698244 {}
85716999 1
220202107 {}
195951901 15
87350793 {}
92325585 {}
2823862727 {}
2616012804 {}
2942401665 {}
1549090376 {}
767419768559153152 {}
1010354516 {}
103075472 {}
2574120409 {}
786936975479623681 {}
121549722 {}
1398446167 {}
188593063 {}
828142993 {}
769955004 0
736237232697135105 4
105923096 {}
17051065 {}
125798632 {}
104991310 {}
779687285235159041 0
239066454 0
1599394586 0
756104754955247616 0
831299530754764801 0
2870133347 1
2823862727 {}
825104909024493568 1
35012952 {}
90946445 1
195218925 {}
162226501 0
86641218 0
166182897 1
1008939356 {}
241279998 2
29187814 {}
57398614 {}
745987587613986816 1
2696253544 {}
1692513648 1
462440757 {}
38293203 2
3837501844 {}
717930880149229568 {}
2723685812 0
102421137 1
793514727309578240 {}
248252915 0
44645182 1
11095422 {}
87350793 3
25401359 {}
398324307 {}
32645746 {}
825765214448558080 0
720582551463727104 0
773892424141770752 0
3151071092 0
144997411 1
104976980 {}
3027287561 2
47272257 {}
40583484 {}
291926899 3
25512025 {}
713251165 {}
25515366 {}
247072808 4
5920162 {}
106775151 {}
177255227 {}
32645746 {}
3301088983 0
66469942 2
72433740 {}
17146229 {}
825907652744056832 0
107523704 2
90742698 {}
496062917 {}
774262789103816708 1
23224159 {}
338602504 0
19778207 1
15070097 {}
897855134 0
825150505366065152 0
238826541 0
830460591730987008 0
579936212 0
824339188157992964 1
35012952 {}
115987223 1
53434947 {}
1549090376 0
22286526 1
2546333595 {}
2225541949 0
605098975 1
25401359 {}
758713238955503618 0
795173125 0
824403328343748608 0
807027042265038848 2
71630892 {}
63376202 {}
826176086774075392 1
165476646 {}
71630892 0
788226886262411264 2
50916591 {}
87356558 {}
750152407137517568 0
760215255515590656 2
2843839078 {}
42492322 {}
715030279379935232 1
50916591 {}
23224159 11
59343507 {}
151614511 {}
100127848 {}
2419668962 {}
801985285349396480 {}
3287687850 {}
857422219 {}
872286770 {}
4755800948 {}
2680145742 {}
221512622 {}
2713084999 0
19954498 1
125150304 {}
804776312279707648 0
59609214 1
2598846871 {}
81765793 1
220202107 {}
812922044337659904 0
778488140 0
619577214 1
190064416 {}
3105950502 0
1242363062 1
342520215 {}
553742078 0
3313641788 1
37486039 {}
188414030 0
128652868 1
282141945 {}
306944668 0
872286770 7
6878762 {}
140666847 {}
214372994 {}
108759911 {}
32645746 {}
174941514 {}
106960233 {}
739949361577230336 1
2277910224 {}
115566178 1
166790128 {}
36888343 1
96867583 {}
830614679961665537 0
382299415 0
65231154 3
157910065 {}
2342703530 {}
619506262 {}
1478772428 1
22529067 {}
154405125 1
15070097 {}
462597276 1
76665246 {}
2300131236 3
50916591 {}
165476646 {}
274058390 {}
247860492 0
52834286 1
767220695575072768 {}
54089582 3
113173341 {}
89097515 {}
32645746 {}
836587567 0
2395292275 1
1264746990 {}
830815915709231105 0
148009946 1
106216983 {}
3120421217 0
105008056 0
195243664 0
1113216384 0
429357011 0
4755800948 1
326475117 {}
2686217022 0
756113783853047808 0
2300278010 1
757640201959202816 {}
824314669368123392 0
757640201959202816 0
831348298304794624 0
191193397 1
744387794361954304 {}
3829380252 0
44908466 0
140526406 1
365148132 {}
6038602 3
59343507 {}
24234008 {}
24634778 {}
933313159 1
44415694 {}
772275962062843905 0
1526150558 0
148095815 0
398324307 1
188593063 {}
756122367538126848 0
751122678505955332 0
714948085458141184 2
126803767 {}
722570682819747840 {}
100032272 1
106179873 {}
1038768793 0
779105457424117760 0
86117102 1
39855304 {}
57017879 1
130701422 {}
4633127221 2
50916591 {}
274058390 {}
810972374984228864 0
131034657 1
2270036995 {}
722573583424159744 0
432710841 0
2546333595 0
68341604 0
24634778 0
167132089 3
590177181 {}
43764203 {}
2760141 {}
68311784 1
126748704 {}
129642668 0
1355994019 1
829734747739824128 {}
725138182111551488 0
100127848 1
34860255 {}
2390092753 0
31630403 2
149007127 {}
41725774 {}
1969566050 1
1000505888 {}
614460245 0
1218795331 1
703031633197162496 {}
104645981 1
132973443 {}
174941514 0
747864052202868736 0
751132280463171584 0
750054961271099392 0
581187973 0
98522179 1
106916801 {}
2163009686 1
152344016 {}
126629925 1
47736553 {}
519076162 0
985870507 1
25401359 {}
720400031212134402 3
137136848 {}
17146229 {}
146720941 {}
2273700804 1
42774196 {}
721207723879243776 0
15070097 1
240550564 {}
106129442 4
59477012 {}
54201398 {}
101124043 {}
22525661 {}
735562506962247680 1
754914183481729024 {}
2880188920 0
160638958 1
43645800 {}
70574193 1
459769640 {}
463323014 1
709461858952949760 {}
15445622 0
4863081864 0
78188654 0
82996051 1
1613973894 {}
818650708853420032 2
16930215 {}
32645746 {}
773025872144064512 0
149164129 0
751106031539916800 0
3719161813 1
25401359 {}
712466569025036289 0
763493461236387840 0
445797382 0
39855304 3
69135909 {}
76745475 {}
227823422 {}
24234008 5
16214888 {}
5920162 {}
33159033 {}
120518575 {}
37626336 {}
19188493 1
3263755260 {}
267776884 2
136375846 {}
47736553 {}
3521865432 0
125729222 1
130701422 {}
125150304 0
1321751701 1
816659168 {}
2201772770 0
2199746654 0
174520959 1
49803623 {}
218356928 3
25401359 {}
17146229 {}
32991790 {}
835212199446487040 0
3274016695 1
50188193 {}
796001652222214144 1
32645746 {}
194195300 1
252379545 {}
2951685086 0
2992803344 2
25401359 {}
2972759319 {}
296514622 2
32645746 {}
43645800 {}
418188780 2
399858781 {}
88800815 {}
756044341865549824 0
828358541564006400 1
165476646 {}
2989056372 0
1240147411 0
775763193243271168 0
831537383195738118 0
59477012 0
3063747984 1
104976980 {}
833053227566374912 1
2798927961 {}
2502459985 3
165476646 {}
2798927961 {}
3226685065 {}
298280496 2
42899665 {}
44415694 {}
43266718 1
139562451 {}
4900633453 0
157910065 4
66892817 {}
138915252 {}
32645746 {}
92425859 {}
785359170270658560 0
721127504006615040 0
862178449 0
54256111 1
45302440 {}
136375846 0
109697077 1
245186738 {}
2579684587 2
72433740 {}
137136848 {}
787805476276666368 0
195218925 1
723062077 {}
752560021595009024 1
405050666 {}
756095942391107584 0
576547843 0
756197752753692672 0
1256078815 1
16930215 {}
209392116 0
750152610309664769 0
731291932626849793 0
822300268146503680 0
174141765 1
130343560 {}
106216983 0
722560064893095945 0
395603378 1
25401359 {}
718968579652124672 1
50916591 {}
1898572879 0
988038248 2
74484009 {}
38204398 {}
977145200 0
825761062033223680 0
3168857810 4
2153784152 {}
22529067 {}
43764203 {}
8312972 {}
831205290397757440 3
10698042 {}
8312972 {}
89097515 {}
2230567471 2
276432513 {}
4158688700 {}
803868723291385856 0
769150302243135488 0
618613856 0
291881319 0
399858781 0
2996574426 0
756223154767421444 0
755895137239232512 0
2972759319 0
824365158357172224 0
236633527 3
570665635 {}
102521476 {}
1167440406 {}
338728943 1
1195338078 {}
3109049825 0
824514535126032385 0
92774144 1
2598846871 {}
4740441433 1
2571124231 {}
112305567 1
92792108 {}
77600657 2
1616496410 {}
67103019 {}
3244161912 0
245152576 0
149199886 0
133055367 0
4862365047 0
797058380200296449 0
570665635 2
345772171 {}
609399943 {}
474219596 0
13000102 2
811787151104966656 {}
329497903 {}
2753666461 1
165476646 {}
758535084186087425 0
829734747739824128 0
339973916 1
781916510113509376 {}
625236928 2
113059388 {}
102190521 {}
539321915 0
318589740 0
289143506 1
1194285378 {}
1425944042 0
720562459119988736 0
47626508 1
300590387 {}
275663137 0
805571763576786944 0
2917008965 0
799468055717875712 2
50916591 {}
87356558 {}
29556089 1
155718357 {}
1566743695 0
2496409480 1
3310878024 {}
1090747046 1
165476646 {}
539557438 1
44415694 {}
1549616348 0
2303985116 0
1981171 0
1138668751 0
709461858952949760 0
97299807 1
365148132 {}
132376480 0
69741875 0
816659168 0
57398614 4
812891703950667776 {}
726997351445880832 {}
744387794361954304 {}
340076968 {}
13606002 0
831389787353444354 0
818351237162668032 0
785665907636834304 0
538438903 1
37486039 {}
2510791724 2
115214070 {}
47520724 {}
719394670246105088 1
87356558 {}
343565388 1
83756641 {}
146720941 0
111094861 2
83912380 {}
18209225 {}
90527682 1
192682010 {}
77100175 2
821894175557718016 {}
124599617 {}
833443994709405696 1
47736553 {}
720562647729577984 0
72585210 1
329497903 {}
38313533 0
778427315667599360 2
97572824 {}
32645746 {}
791915952 0
2263731205 1
783089282462343168 {}
3024273242 4
25401359 {}
47272257 {}
32645746 {}
113059388 {}
185270577 0
729768354 0
805128194718367744 0
744172689158447104 0
80368657 1
833344197226856449 {}
4604624364 0
67778493 2
2348072587 {}
711402168004124672 {}
327058886 2
47736553 {}
519952294 {}
112620104 1
269303162 {}
3770068648 0
783377720 1
152344016 {}
116666416 2
157743757 {}
14664343 {}
746347779375521792 2
50916591 {}
165476646 {}
216950766 1
458935113 {}
832331932826480640 1
436335906 {}
36952149 1
151614511 {}
75381284 1
301067229 {}
824374205278015488 1
35012952 {}
60608605 0
751283798373863425 0
4406293817 0
3558700275 0
612133140 1
114805380 {}
806211527342583808 0
767220695575072768 0
755939978434273280 0
506760670 0
786771464 1
25401359 {}
69135909 0
51950797 2
624941286 {}
508091089 {}
3041546298 1
25401359 {}
780604537371361280 1
819406314526752768 {}
385521762 0
116692346 0
2334217530 1
59208163 {}
823744779607539714 0
29187814 4
725085903719297024 {}
1580834521 {}
828788253780279296 {}
301148948 {}
835247311638822912 0
115214070 0
39366213 1
169747289 {}
408751194 2
80419790 {}
213934211 {}
86405546 1
37486039 {}
3226685065 5
4605532513 {}
885382778 {}
833778810025865216 {}
816673605421559808 {}
4665206233 {}
4651258081 0
814672935663403008 0
83756641 1
67788043 {}
113173341 0
240550564 0
834425055828463617 2
25401359 {}
17146229 {}
260514164 2
72433740 {}
260486367 {}
20572669 0
484328321 0
851877870 1
114805380 {}
65163482 1
90742698 {}
9815702 3
26640415 {}
5920162 {}
108510712 {}
16930215 14
813971984501657600 {}
4164570372 {}
339936230 {}
3010612792 {}
496062917 {}
240993204 {}
805853417902051328 {}
829939846370177025 {}
803611081738485760 {}
836783921807441928 {}
2696105934 {}
719698303584202753 {}
821079244545650690 {}
139562451 {}
155711288 1
189753468 {}
756331471556653056 0
2843839078 0
461507757 0
627037807 0
2348072587 1
78451687 {}
1450087279 0
1920582378 0
757057897478008832 0
116639755 1
775209479864332288 {}
327187789 0
747121776111587328 0
734924662304440321 0
833778810025865216 0
168196026 1
487711160 {}
274058390 5
4766976675 {}
758297773238198272 {}
816673605421559808 {}
50916591 {}
757981575388684288 {}
1008939356 2
25401359 {}
78451687 {}
3242593024 2
165476646 {}
2798927961 {}
186048745 1
114805380 {}
275257577 1
812758131277107200 {}
818599522406465536 0
114805380 7
42761158 {}
51228828 {}
205450879 {}
207505545 {}
183292130 {}
613038529 {}
219561427 {}
126505179 1
346663804 {}
487711160 0
3310878024 0
805974331482198016 0
134943906 0
705033219960401920 0
3178891735 2
25401359 {}
67788043 {}
459692188 0
2616012804 2
25401359 {}
67788043 {}
3311944184 0
292427637 1
74343308 {}
276432513 1
457992972 {}
229603174 0
71648341 1
1408978441 {}
300672278 1
2823862727 {}
83957535 3
60414339 {}
69497315 {}
245186738 {}
114827298 1
107219038 {}
794691058273697792 0
750439418876399616 1
165476646 {}
353234334 0
2206535851 0
143959209 0
786447623548915712 0
719698303584202753 0
744387794361954304 0
134007020 1
25401359 {}
3242763420 0
37589689 1
277075490 {}
885382778 1
2798927961 {}
813584402215145472 1
343668872 {}
722620764118065153 0
2277910224 0
462502233 1
2696253544 {}
519952294 0
47042816 0
3282906613 0
33224776 0
42761158 0
590177181 0
54992045 1
125828758 {}
4534405333 0
782291863076208640 0
173211051 0
721524771683438596 0
214372994 0
280609461 0
2680145742 3
137136848 {}
17146229 {}
360104260 {}
135336327 1
155718357 {}
392398073 0
717930880149229568 2
63376202 {}
32645746 {}
607695654 0
101867986 1
52528982 {}
751271017025146881 0
1216625988 1
135586311 {}
3303617010 0
822906669134974976 0
756101774856097792 0
89890122 0
749292303366254593 1
716090137 {}
3169202334 0
756113979953541120 0
823831345 0
722506138260910082 0
1548561128 1
151614511 {}
4726081213 0
15361072 1
1053761965 {}
755882771562762242 0
789524108530757632 0
106960233 0
793514727309578240 0
3158329988 0
37064111 1
92425859 {}
722535863436107776 0
113118483 0
63376202 6
787303556336357376 {}
381586477 {}
778696810797813767 {}
802986057574690816 {}
2575527163 {}
758097366175985664 {}
755818377818419200 2
92425859 {}
587807703 {}
403533748 2
26640415 {}
67788043 {}
705857383960981504 0
140666847 0
217505056 1
180275605 {}
66892817 0
284224617 0
42916388 0
767419768559153152 0
360828280 2
88249372 {}
40583484 {}
834503509697581058 0
722570682819747840 0
758147687900262400 0
563156576 0
813971984501657600 2
13446242 {}
22529067 {}
835331846586060800 1
1700832026 {}
614919506 1
157743757 {}
3384126412 0
756175473927938048 0
563964578 1
80670371 {}
83912380 0
205974719 1
2840654705 {}
945070640 0
708539105169178624 1
224718566 {}
188505467 2
43764203 {}
67788043 {}
42492322 0
800033641850085376 0
4086077959 0
2549350026 0
4765691074 1
50916591 {}
722686237535006720 0
4760665068 0
2608842829 1
2348988775 {}
149007127 0
747129120006508545 0
573081407 0
1470954085 1
47736553 {}
150423327 1
301067229 {}
3277670640 1
74596930 {}
329497903 3
156358069 {}
65661646 {}
240034971 {}
746319207843913728 0
37851060 5
6878762 {}
90339567 {}
14213549 {}
61017500 {}
37787107 {}
3255804170 0
798733040801366016 0
89097515 2
192682010 {}
393589541 {}
332938508 0
4477735094 0
177255227 0
178075641 0
722878892 0
4675572463 2
165476646 {}
2798927961 {}
260486367 2
55045575 {}
300590387 {}
75837082 1
514620984 {}
818320478909644800 0
1614481015 0
720504748181450752 0
37787107 1
151614511 {}
180275605 1
67788043 {}
161383926 1
805800678069243908 {}
427867270 2
56736689 {}
32645746 {}
36566569 1
27911072 {}
6878762 1
27911072 {}
92062735 0
1860870918 1
155718357 {}
38229126 1
73253165 {}
212631247 0
2954022386 0
110814332 1
32432692 {}
169765565 0
44415694 2
1927833792 {}
4766976675 {}
151614511 5
2811643723 {}
108759911 {}
322004861 {}
14213549 {}
1031649007 {}
398218305 0
803871983310147584 2
17146229 {}
13446242 {}
67103019 0
751081278015991808 0
1380717859 0
2214679278 0
27050738 0
102521476 0
3298757576 0
776920234255003648 1
47736553 {}
703031633197162496 1
17146229 {}
61017500 0
124201028 0
787382695542128640 0
42899665 0
756187314896965632 0
805580102494982144 0
1106625240 2
166790408 {}
284347224 {}
25515366 0
2756019627 0
132973443 1
2760141 {}
897916854 1
130701422 {}
2427853250 0
121549722 0
817751832768327680 0
317892344 0
2715469502 0
751675016 1
95980739 {}
99542073 0
78451687 1
812506824423460868 {}
322004861 1
258510047 {}
3303618163 1
354000457 {}
47736553 5
458935113 {}
741107402 {}
837190598180249600 {}
825125116568678401 {}
633087101 {}
723062077 0
829478727193128962 0
2914928904 1
188593063 {}
722625525911392256 0
722798779724771328 0
28353028 2
220202107 {}
42797250 {}
1358527693 0
4329292753 3
165476646 {}
87356558 {}
2798927961 {}
775794798493970433 0
350263696 1
2592274688 {}
106482213 0
2348988775 0
248890969 0
798204730891763713 0
478852059 0
816455501303058432 0
24831430 0
2734465036 4
69036645 {}
97139253 {}
73936198 {}
53434947 {}
755901127334518785 0
80670371 0
103075472 2
5920162 {}
32645746 {}
61600761 1
11095422 {}
128051259 1
458935113 {}
127113069 1
92425859 {}
821894175557718016 0
102190521 0
15641805 2
96867583 {}
301148948 {}
823361693061382146 1
87356558 {}
32515439 0
47696270 0
2667064050 0
336977896 2
164545616 {}
137155900 {}
86642925 1
249680186 {}
823003392213532672 1
17146229 {}
815052256617828352 1
165476646 {}
2592274688 0
59208163 0
805505517917454336 0
167885206 0
602861020 0
73146595 0
352453596 0
2985054293 0
619543654 1
2798927961 {}
4338008354 0
717113648074850304 0
3287687850 1
32645746 {}
751289774107873280 0
566830882 1
777681214735908864 {}
90799659 1
302172376 {}
717489992126316545 0
13454332 0
232674333 1
3244358180 {}
81383246 1
92425859 {}
722574464660172801 0
245190083 0
786758078565724160 2
50916591 {}
165476646 {}
15663355 0
802717142185455617 0
139562451 1
25401359 {}
307993896 0
780876608601067520 0
462440757 3
116839638 {}
301148948 {}
546916489 {}
748605921216053248 0
722631477016571904 0
111102920 2
798295536939966464 {}
2419668962 {}
313790795 0
833392548110548995 0
106916801 0
4321883533 1
601598849 {}
156358069 0
126803767 0
3010612792 0
67788043 1
1613973894 {}
2910380336 0
227823422 0
706337729919918081 0
2474552958 0
326475117 0
4605532513 0
15458205 0
726594557765255168 1
32645746 {}
146180220 0
302285547 0
43764203 1
522035827 {}
365148132 0
720649142343573505 0
2811643723 0
207505545 0
833344197226856449 4
113059388 {}
32645746 {}
86201225 {}
411816687 {}
2574120409 3
25401359 {}
137136848 {}
32645746 {}
18209225 0
747153067028713472 0
822679439074955265 0
87831391 1
115310689 {}
800454590592225280 1
165476646 {}
105923096 0
80901651 0
240034971 0
104670245 2
160363034 {}
137136848 {}
2941629611 0
722501912512307201 0
1170422028 0
3837501844 2
73994242 {}
25401359 {}
106775151 0
90339567 0
465085468 0
27837876 1
127018187 {}
224718566 0
106179873 3
139188629 {}
67819405 {}
40583484 {}
2198940318 1
19275820 {}
2308634659 1
220505657 {}
336752055 2
146013635 {}
113855145 {}
90540112 0
142102416 1
3244358180 {}
2716895871 0
1634582923 0
2171422191 0
2348022324 1
135593102 {}
2598846871 2
102173355 {}
411816687 {}
83296353 0
261991050 1
508028955 {}
117423277 2
24661045 {}
787303556336357376 {}
544910158 0
2854657896 0
746253297783234560 0
783089282462343168 0
81711979 1
179982652 {}
2828571948 0
829859186976686081 0
812891703950667776 0
334384206 0
373945478 0
596051048 0
2996486722 1
17146229 {}
747805083610517505 0
765131136 2
236534885 {}
420428079 {}
817091994585534466 1
165476646 {}
2823862727 1
137136848 {}
86201225 0
138915252 0
814860919973048320 0
249345501 0
715218421688848384 0
728332763611324417 1
32645746 {}
27911072 5
69610666 {}
22529067 {}
25624546 {}
2760141 {}
2722551 {}
16214888 0
508315570 1
41725774 {}
13446242 2
1380431988 {}
258510047 {}
22525661 0
25624546 0
457992972 0
633087101 1
22529067 {}
261486636 0
208717010 0
46781192 0
812758131277107200 1
411816687 {}
822125693475524609 0
609561820 0
326504649 0
749544293107372032 0
749335538591760384 0
150283676 0
289274173 0
277075490 0
722478503837437953 0
1179958207 1
2946698244 {}
772543797687312385 0
37626336 0
294476898 0
840558134 0
801318907315372033 0
88586422 1
58412165 {}
411816687 2
152344016 {}
422532310 {}
2915725923 0
722720205575700480 0
796259534041792512 1
819406314526752768 {}
135586311 0
819594505393344513 0
2696105934 0
1000505888 2
25401359 {}
40583484 {}
731430058343030784 0
801985285349396480 0
1220308764 0
756945158734802944 1
165476646 {}
245186738 2
2946698244 {}
2575527163 {}
829396502489374720 1
32645746 {}
249680186 1
272031929 {}
469729355 1
711402168004124672 {}
343668872 0
116839638 1
72433740 {}
720561952368562177 0
33831174 1
2316411350 {}
4549870394 0
3227773388 1
25401359 {}
228561460 0
296074599 0
857422219 0
56736689 0
32645746 18
787303556336357376 {}
798295536939966464 {}
819406314526752768 {}
775209479864332288 {}
220202107 {}
710238653159591936 {}
789655657687515136 {}
786936975479623681 {}
166790128 {}
711402168004124672 {}
92325585 {}
779004020572712961 {}
753330840986234880 {}
80964394 {}
789657450307661824 {}
748390282975129600 {}
247440330 {}
758297773238198272 {}
73936198 0
837190598180249600 2
104976980 {}
40583484 {}
11829032 0
1601875130 0
716090137 0
14664343 1
25401359 {}
380559266 2
66374824 {}
2760141 {}
130343560 1
2342703530 {}
243435361 1
326525201 {}
833538546967273472 0
16754025 0
124403702 0
247440330 1
25401359 {}
34076467 1
169747289 {}
747101397481558016 0
811787151104966656 0
126748704 0
141284395 1
109715200 {}
137155900 0
45302440 1
2760141 {}
798295536939966464 0
3102540374 1
137136848 {}
771347710498643968 0
69036645 0
189939738 0
269212084 4
512891547 {}
17146229 {}
42774196 {}
25401359 {}
751123331835887616 0
1140372798 0
3158107004 0
730085130526588928 0
2259160820 0
255158139 1
15998343 {}
3263755260 0
1198768136 0
813578669885181956 0
17575576 1
80964394 {}
805830255915270145 0
205450879 0
3262675429 0
381586477 0
2521449947 0
755878560133419008 0
244691135 0
29857372 0
2787100946 0
3188014554 0
40583484 2
92325585 {}
155718357 {}
710238653159591936 0
92425859 5
802986057574690816 {}
342473001 {}
3148644877 {}
152352718 {}
489568098 {}
73994242 0
235851589 0
3031450839 0
573269437 0
115310689 0
756172881986478081 0
799096984036458497 0
137335332 0
702690316944420864 0
2222324148 3
113059388 {}
54201398 {}
47272257 {}
1927833792 2
338140589 {}
17146229 {}
338140589 0
78936875 0
1311213606 0
188593063 1
25401359 {}
213934211 0
816799610043854848 0
345795119 0
766069075592278016 0
821079244545650690 1
368564193 {}
790743692554350593 1
25401359 {}
2946698244 0
117204238 0
94727515 0
2698823564 0
619506262 1
25401359 {}
833440258406641665 1
2798927961 {}
1689227078 1
165476646 {}
67819405 0
69474382 1
15998343 {}
146599964 0
4845571423 0
25512025 2
539578653 {}
124599617 {}
146013635 0
149700668 0
797843048889651200 1
165476646 {}
1194285378 2
33964631 {}
17146229 {}
65453637 0
340076968 1
407822079 {}
108629984 0
59343507 2
2760141 {}
22529067 {}
776596964091846657 0
1881458856 0
146613241 0
806896527813656576 1
25401359 {}
3148644877 0
72433740 4
725085903719297024 {}
796085582791208961 {}
133807929 {}
76665246 {}
41725774 4
155496154 {}
27918673 {}
26676157 {}
27114428 {}
23884627 1
220202107 {}
794037421 0
11095422 1
259579243 {}
73253165 0
746250496533422081 0
116314059 0
2828977382 1
165476646 {}
732628812454760448 0
405791433 1
97315562 {}
101124043 0
109120307 0
520998515 0
726997351445880832 0
4656389844 1
165476646 {}
96867583 1
923813406 {}
41069266 0
794693174660911105 0
116651570 0
802986057574690816 0
1370001463 0
42797250 0
804901484290834432 1
82379740 {}
508028955 2
5920162 {}
588835477 {}
166790128 1
133410424 {}
4851488629 0
571254932 0
3783923652 0
236395212 0
822190774968348672 0
158511847 0
744168755316596736 0
3907184473 0
817191604570193921 0
713251165 0
753439624802865152 0
748390282975129600 0
309338820 0
804094841600823297 4
10698042 {}
17146229 {}
14213549 {}
8312972 {}
2571124231 1
100986115 {}
2360279096 0
742517146744459264 2
50916591 {}
2798927961 {}
218027668 0
155718357 1
1537161282 {}
405050666 0
1195338078 1
130236138 {}
137817941 1
25401359 {}
227203332 0
55045575 0
425922652 1
95544444 {}
2798927961 2
2840654705 {}
833151359138541568 {}
196849895 0
3317985151 0
4158688700 0
613038529 1
786936975479623681 {}
789655657687515136 0
125828758 1
14213549 {}
3196738986 0
220505657 0
4771663760 0
174807602 0
4164570372 1
234877905 {}
756078145674018816 0
756051119084806145 0
4009322129 0
4903322220 0
557200422 1
152344016 {}
834968859002167296 0
52528982 0
152344016 0
749519454615248896 0
511064385 1
17146229 {}
825640863493533697 0
434368370 0
261944010 0
2414846844 1
123484989 {}
816434247506554880 0
795512106342879232 0
88249372 0
34860255 1
15998343 {}
2747492681 0
756045706503319552 0
3676974794 0
2749681057 0
2722551 0
236534885 0
3244358180 1
267298087 {}
3172977908 0
1931433662 1
74596930 {}
836544114 0
74596930 0
1537161282 0
2956980941 0
253822906 0
720539004609945600 0
271016655 2
26640415 {}
54201398 {}
102541918 0
164545616 0
461529291 0
2331201102 2
478340249 {}
17146229 {}
74343308 0
27918673 0
20574972 1
86841934 {}
120518575 0
489455910 0
282141945 0
722646623046758400 0
123484989 0
15249551 0
10698042 1
824851414522302464 {}
828788253780279296 0
4665206233 0
781916510113509376 0
1016073500 0
109715200 0
93789367 1
775209479864332288 {}
4414910472 1
25401359 {}
1483733364 0
762347794199752704 0
385041138 1
54201398 {}
443127403 1
26640415 {}
755895375274315779 0
803877744157278208 0
283208440 1
624941286 {}
100356720 0
21684308 0
833151359138541568 1
165476646 {}
829939846370177025 0
3237457094 0
73025897 0
2784140816 0
747857459516182528 0
725090775122345984 0
720590683690676224 0
756164993096220672 0
2858216266 0
834447036820910082 0
808911440195227648 0
1260346100 1
2840654705 {}
414567496 1
336835761 {}
2165408348 0
2270036995 0
130701422 0
86841934 0
152352718 1
26640415 {}
718536780 2
26640415 {}
137136848 {}
43645800 0
97572824 0
406567411 0
138062563 1
145677832 {}
453700159 0
784463481823039488 0
756154416886087681 0
92792108 0
722649769403883520 0
768349671622225920 0
782059775345385472 0
1151995916 1
25401359 {}
2911486358 0
489568098 0
315555528 0
1053761965 0
26640415 3
566052003 {}
301148948 {}
382818140 {}
61078636 0
722590431557599232 0
66374824 0
2956139619 0
2155321339 0
2794229293 1
95980739 {}
2935390709 0
44716946 0
368564193 1
836783921807441928 {}
734806172075589633 0
25962648 1
722460726 {}
3188280517 0
824851414522302464 2
87356558 {}
2760141 {}
67359653 0
1580834521 1
247415671 {}
722420966089863168 0
320537751 0
741107402 0
825127678567206916 0
787303556336357376 0
825124950952513536 0
102543505 0
32432692 0
407822079 0
1398446167 3
80419790 {}
47272257 {}
113059388 {}
546916489 0
34964800 0
90742698 0
1380431988 0
819406314526752768 1
237198908 {}
2832207721 0
383522844 0
166790408 0
756193626691100672 0
478340249 0
220202107 1
93963592 {}
92325585 2
107219038 {}
113059388 {}
1700832026 1
345772171 {}
1195523047 0
1247474659 0
60414339 0
1041231649 0
866961488 0
135593102 0
3329611214 1
127687703 {}
803362044938436608 2
17146229 {}
22529067 {}
601598849 0
4392324133 1
25401359 {}
758297773238198272 1
50916591 {}
3219776533 0
104991310 0
190064416 0
46322017 1
3031855158 {}
2419668962 0
122796564 0
39631394 1
1327324592 {}
778696810797813767 0
755926948195471360 0
127687703 0
806875210045591553 2
25401359 {}
137136848 {}
751085628884942848 0
97315562 1
137136848 {}
53434947 0
1616496410 0
363744196 0
744149607505100800 0
755885125368442884 0
15857879 0
829730888275677184 0
722781182371491840 0
34483221 0
558211189 0
80419790 1
393589541 {}
751232924318662656 0
1010354516 0
3754735699 0
219561427 0
330278956 0
252755023 0
97139253 0
2763981729 0
66050973 0
69610666 0
825125116568678401 1
22529067 {}
2316411350 0
27114428 0
2760141 0
360104260 0
714602698817949696 1
104976980 {}
3007761656 0
2714824513 0
1181997601 0
169747289 0
804082829864878081 0
189753468 0
923813406 0
152352125 0
4840247054 0
3346074423 0
711368460526292992 0
786936975479623681 2
25401359 {}
117002954 {}
301067229 0
117861980 0
88800815 0
748348064641912832 0
595615136 0
113855145 0
4564042219 0
183292130 0
157743757 0
831882451421106176 0
108510712 0
818510627878514688 0
450235874 1
2820516660 {}
756046070333968384 0
794987207605952512 1
165476646 {}
354000457 0
17146229 8
127018187 {}
2802672356 {}
595811743 {}
1613973894 {}
65234434 {}
133807929 {}
856688617 {}
2174982848 {}
836991735930765313 1
237198908 {}
754914183481729024 0
336835761 0
2809912268 0
595811743 0
514620984 0
810521053432672256 0
184886868 1
1372491031 {}
760288603058479104 0
4372050252 2
165476646 {}
87356558 {}
4063948393 0
722692172412252160 0
2395113986 1
214298098 {}
165476646 2
768163087216091136 {}
804898744349130752 {}
3196637712 0
585330149 0
114301473 0
806613236296523776 0
362198290 0
41004018 1
192682010 {}
247415671 0
83509244 1
278345975 {}
42774196 0
133410424 0
300590387 3
2153784152 {}
497480499 {}
137136848 {}
815317835576733696 1
25401359 {}
3328726926 0
856688617 0
32447877 0
2803120482 0
93963592 0
259579243 0
756099049292492801 0
201200020 0
746019986284679168 0
297068660 0
15998343 2
101914618 {}
208175891 {}
726613379624800256 0
1592442156 0
721792812438593536 0
26676157 0
461637737 0
21711729 1
196418384 {}
36405503 0
779004020572712961 0
107219038 0
234433259 0
877181312 0
3230988632 0
94953824 0
753330840986234880 1
113059388 {}
725085903719297024 0
836783921807441928 0
95980739 0
87356558 1
4653445512 {}
542934674 0
3007811145 0
720572556663787520 0
24661045 0
155496154 0
4700067618 0
818190222575878144 0
113476378 0
43572538 1
85418794 {}
1624521283 0
252379545 0
775209479864332288 0
761815331849375744 0
202652212 0
316513320 0
1613973894 1
137136848 {}
722511985779294208 0
580237436 0
835312748393283588 0
436335906 0
342473001 0
1090878014 1
2924328862 {}
789657450307661824 0
27194255 1
701509592 {}
179982652 0
142391909 1
828142993 {}
115279796 0
115249027 0
3240192247 0
2355706430 0
278345975 0
170419000 0
36100251 0
254232432 0
722722183823417345 0
817252946266071042 0
224828033 0
756157479478824960 0
3315364764 1
25401359 {}
826467761182408705 0
720524983798210561 0
155627803 0
357599852 0
798460231 0
792510962397876224 0
2342703530 0
816025466 0
587807703 0
37486039 0
539578653 1
240940023 {}
309977672 0
2454367399 0
458935113 0
63854243 0
174730659 0
1134186386 0
340565687 0
1963180286 0
130184616 0
3145683714 0
803248940149710851 0
1038463398 0
707332289147985920 0
722716553951764480 0
701509592 0
750131098147954688 0
54201398 1
362723025 {}
4595899813 0
803873877118111744 1
22529067 {}
88854641 1
5920162 {}
125798632 0
727980769872781312 0
133807929 0
76745475 0
272031929 0
194468064 0
2616122251 0
2830564532 0
609399943 0
1021044674 0
86175640 0
1539958458 0
734203045798518785 0
4737260035 0
33964631 0
345772171 0
152752924 0
22529067 5
496062917 {}
805853417902051328 {}
62865122 {}
803611081738485760 {}
221512622 {}
522035827 1
8312972 {}
1155342968 0
837005845846073344 0
124599617 0
756180352192905216 0
488799735 2
25401359 {}
137136848 {}
3138178252 0
833445517698797568 0
722489526841712642 0
756154270039306240 0
35012952 0
192682010 0
415292755 0
711402168004124672 0
722644099 0
890200675 0
756222157760434176 0
393589541 0
749002657432416256 0
750890790294065152 0
808159139524386816 0
50896554 1
722460726 {}
508091089 0
812506824423460868 0
301148948 0
719680682155503620 0
763116724182921216 0
2200585922 0
751255546628538368 0
834129230992543744 0
821148945334161408 0
796085582791208961 0
803307646313000960 0
826815947742666753 0
32991790 0
19275820 0
2298759156 0
2576058114 0
2376399710 0
82379740 0
3031855158 0
1428440616 0
420428079 0
2820516660 0
38204398 0
445782176 0
76665246 0
789639409092014080 0
4862529379 0
3193831192 0
1609124354 0
284347224 0
60161813 0
267298087 0
2802672356 0
1708341462 0
749372341 0
362723025 0
117600170 1
25401359 {}
326525201 0
1167440406 0
130236138 0
104976980 0
722745369826881537 0
273067307 0
2575527163 0
4653445512 0
110891636 0
221512622 1
5920162 {}
723190028222926848 0
2228896393 0
2741579474 0
125521146 0
830623357368430592 0
258510047 0
18931041 0
816673605421559808 1
50916591 {}
350506226 0
828142993 1
113059388 {}
1031649007 0
2942401665 0
790240359863300096 0
720589556458741761 0
214298098 0
339936230 0
17051065 0
381370840 0
823655746458054657 0
47520724 0
624941286 0
805494860 0
2153784152 0
33159033 0
62865122 0
825025355975159809 0
496062917 0
809482931370622976 0
240940023 0
191340236 0
3296194519 0
95544444 0
392199779 0
815770309475401728 0
85418794 0
269303162 0
40981294 0
768163087216091136 0
25401359 2
382818140 {}
566052003 {}
758059401928249344 1
55371907 {}
732692459323457537 0
814524977642926085 0
804898744349130752 0
208175891 0
127018187 0
196418384 0
100986115 0
827574274789605376 0
749562945806462976 0
14213549 0
785938167492775936 0
50916591 2
4766976675 {}
757981575388684288 {}
757981575388684288 0
714827128 0
139188629 0
132689334 0
237198908 0
1606653355 0
65234434 0
4925733990 0
19074865 0
55371907 0
805800678069243908 0
589493212 0
2562783093 0
113059388 1
805905002543792128 {}
137136848 0
2191594620 0
431129180 0
51228828 0
240993204 0
2287489489 0
1262751158 0
426993857 0
497480499 0
117002954 0
1264746990 0
69497315 0
805905002543792128 0
3311909102 0
4903382773 0
1666318585 0
2924328862 0
750071021361922052 0
145677832 0
2696253544 0
74484009 0
18802697 1
80964394 {}
49803623 0
133087797 0
747873016701386753 0
750229720344780800 0
422532310 0
65661646 0
741454172088852480 0
716545485150904320 0
828075417496006656 0
756156874890838016 0
1372491031 0
933233119 0
758097366175985664 0
150449582 0
318199555 0
1869233220 1
5920162 {}
588835477 0
830483421847773184 0
304662427 0
47272257 0
50188193 0
722610729573081088 0
86575920 0
1327324592 0
160363034 0
234877905 0
234573109 0
4766976675 0
750152217114664961 0
46904887 0
36070145 0
722460726 0
777681214735908864 0
459769640 0
512891547 0
102173355 0
2334386592 0
382818140 0
821088398106427392 0
792039588260786176 0
1408978441 0
722512587192147968 0
851666582 0
566052003 0
342520215 0
2840654705 0
3114633017 0
794587021167603712 0
188020015 0
790404013346873344 0
39549522 1
80964394 {}
3104325684 0
805853417902051328 0
5920162 0
1475553840 0
58412165 0
1005216312 0
803611081738485760 0
80964394 0
101914618 0
2174982848 0
108759911 0
346663804 0
302172376 0
569574934 0
2502359478 0
103975120 0
8312972 0
