#/Users/julius/Dropbox/workspace/socialNetworkGeo/networker.py
# GMT Mon Mar  6 16:58:25 2017
# 
777681214735908864
1061920644
824324447872155657
780604537371361280
2230458753
806583701748510720
2789717380
4374045554
247994789
26640415
1556854376
2834515346
597113937 200932969
1574569740 92425859 25401359
19275820
4842716160 15663355 57398614
331935779 86172121 137335332
220221363
2997742668
128738823 16930215
124973595 18931041 32645746
1697539795 108629984 10922662
831928752460357632 200932969
126788861 13446242 367801900 10922662 23224159
469729355
72433740
21684308
208192823
115146839
208175891
2798927961
84188124 14768129 97318341 16754025 3009463406 15458205 1981171 15445622 17002127 4726081213 67359653
753408283357040640
582363220 103975120 392398073 21684308 106482213 16930215
14815595
70574193
799717644790206464
2959514674 25401359
213934211
516014213
750054961271099392
816844694651019264 200932969
2896572210 200932969
764260959988781056
4735101110 350506226
2395452997
245186738
2793625853 143959209 113059388 80419790 47272257
272031929
2418568426
1472692416
804087333591117824
3075756199
1965160921
56533205
2722173985
322281079 37589689 195799722 285136495 16930215 23224159
186048745
430368089 104976980
15663355
220515018 19954498 778488140 382299415
742453635586482176
392272977 381370840 145389780
47758209 34483221
473647940 103975120 392398073 115279796 20572669
184867105
86343953
213530497 234433259 383522844 195951901 27824358 81956799
1223083572
814989562963378176
2269251671
2358440641
785484602408177665 53106875 113447726
37159209
396780521 25401359
73253165
113418542
191193397
93535798 63376202 92425859 26640415
747875873303433217
40583484
729691882909925376 87356558
117694393 46781192 89890122 2230567471 116651570 218027668 167885206 539321915
410317804 149164129 25401359
27918673
747859423884877824
739151981793529856 175260484
792891728059510784
369848845
825077268162699264
380422302
94953824
721207723879243776
291881319
218519833 89097515 113447726 25401359 116666416 60733171 104976980
57510370 19191052 3105950502
3316202898 19191052 16930215
17146229
309245606 67778493
90540112 200932969 289010573 152015758
785263932034392064
751175777081696256
772205130229755904
835316370283892737
82403665 10922662 37486039
190806683 3298757576 200932969
252379545
307077189
42492322
619773747 26640415 25401359
14213549
799372952299012097 165476646
810475501013921793
2574120409 137136848 32645746 195951901 25401359
334761125 2230567471
4845571423
740925889
1411784538
144283641 174807602 32336540 56920589 113447726 148095815
796839803950141441 21684308
794775757780230144
721681979599491072
381370840
86172121
933233119
1244929038 83762926
4085579712 57398614
2415182965 191579642
1264746990
54256111
710609049788678147 2327702828
73763941 48470160
406815231
220911116 146973421 235851589 37486039
796259534041792512
135586311
830975649519132672 1566743695
75381284
238396311
23659029
128746006
105923096
778761518439477248 47272257 62346955 113059388 113447726 57398614
751273057767993344
2466266156 200932969 933233119
3894287780 419863341
238639110 32645746 17146229
2230567471
32432692
86663733
156358069
74596930
115310689
120349524 44908466
739534162571497476
794987207605952512 165476646
33964631
267998134 86175640 40583484 56533205 117204238
792039588260786176
1418228065 63376202
859086102 570665635 614460245
587086419 16930215
824818599437148161
2870133347
1600438716
772899207963226116
809832022134886402 51950797 25401359
106775151
32645746
837762356625158144 368564193 32645746 17146229 54553
1677220152 200932969 104976980
750117297495412736
813530443593043968
1263613874 294476898 67788043 60161813 2230567471
130343560
294915361 29857372 60608605 16930215
716090137
85997819
129889356 54201398
108424210 16930215
240550564
792724490572722176
2903271967 200932969 23224159
746282175650275328
722651243450081281
758138208467103744
722694445901160448
837445143460478977 274058390 50916591
405791433
201408123
822812790221991936 2851045284
158940149 80901651
435087450 977145200 318199555 2790368941
292502227 99542073 29187814
1106625240 166790408 284347224
3078851166 78451687
722559383515873280
95560134 248890969 71346802 61544951
302285547
146973421
459655520
714105266967433216
27050738
78936875
59609214
755878028354457600
36070145
506725724
1860870918
803281004320407552 200932969 22529067 15249551
493713472 23224159 385521762 24764075 60608605 134943906
567358948 392398073 53106875
194826910 200932969 56920589 25401359 462440757 32336540 38313533
1700832026
756083433340825600
763575628876525569
805815180340830209
714156400310558720
170419000
597026768
885063193
1285202754
175260484
140526406
148095815
721194022753185792
255223469
462502233 2696253544
334819864
2153784152
756047395121659904
113173341
509079723
203699772 36100251
557442254 200932969 72433740
818320478909644800
1367545628
2735784940 117861980 248252915 72433740 2843839078 840558134
343933976
283700793 36296179
74343308
722667777534922752
98460568
3329472093
590177181
427867270 56736689 32645746 39437242
716760678195814401
89211820
749372341
250355844 200932969
290897127
39437242
700823986968506368
125150304 19954498
1202602021 137136848 740925889 34964800 2858216266 200932969
819079138829074432 62346955 165476646
779004020572712961 32645746 113447726
426993857
4540614026 32645746
771909860992614400 137136848 208175891 14761124 43764203 106775151
455376721 137136848 17146229 47696270
352453596
817055181464600576
196418384
91628518
3273611894 57720572
1422381342
111102253 245152576 36070145 42916388 11829032 2760141 54249023
721194414186610688
831155435184889856
2973575668
824868968607342592
756189603997024266
403205257 45010462
2497268743
834447036820910082
730446810389434368
103449632
617722592
4634779249
22529067
3310226502
15361072
803677780105773060
814292793908543489
99542073
809175455353839616 16930215
31630403
6038602
343565388
164545616
237001867
832313307730042880
71648341
104039510
320001284 291881319
152352125
711368460526292992
149250280 19191052
45220969
351666317 32645746
19244142
756170737950527488
2588559596
3150524563 200932969
749503230145654784
4665093259
756938921867513856
478340249
240034971
3281904511 43645800 200932969
143959209
3111618324
102435344
3274016695 50188193 1285202754 2834271487
132252852
2896276397 317582489
831932831815262208 67091099
3249756447
738865354596831232
590011976 26640415
3276855516 352453596
719761920862117889
226359954 15641805
3992887632 76250928 13606002 31337971
297068660
136357886
796001652222214144 32645746
768560833563467780
282141945
336958074
4832965598
828047753875853312 1708341462
735562506962247680
166790408
101923438
117204238
300672278
73400850
1052827262 104976980 113447726
267298087
89097515
92792108
756108036528304128
55259948 94953824 78188654 160590735
783377720
605087464 132252852 222373405 132689334 175430167
173860156
34964800
2444831540
93963592
3114633017
174941514
724429100316823552 87356558
114671062
382507566 200932969
825127049182453766
4740441433
297738067 135648503
104645981
3318338280
794323461610930176 113447726
16754025
750156980149448708
807259247050301440
721029714190598145
259271867
59245947
736400430289166337 87356558
629611388 570665635 259139467 19191052 1614481015 1038768793 637128123
235284680
8740842 7100992 32447877 13454332 6038602 665643 19074865 54553 85732859 11302652 36405503
301139346
86164101 130184616 24831430
180968760 212631247
81765793
389265699 68341604 82379740 749372341
27837876
802518409539829760 37486039
808774074453397504
3272101136
24831430
111444106
3283049665
1240147411
751104561448968192
775209479864332288 109000953 32645746 116639755 93789367
1063659925
715716510493216768
130625061 1240147411 227203332 54201398
774401618473201664 200932969 25401359
715255929621450752 92425859
161383926
1436622787 113059388
191579642
36405503
275370346 200932969 2941629611
619755228 315554793 44716946
206784000
418256745
122211977 27050738 26640415
833198353341104128 104976980
57017879
222373405
923813406
2863184324
940709077 2474552958
840558134
220505657
539321915
113059388
54249023
727483382020472832
3296194519
125346966 31337971
184886868
835245308737093632
248890969
826582418970857472 32645746 53106875
722540079730655232
805816209610600448 37626336 13446242 16930215 200932969 113447726 13395742 23224159
115566178
99590206 100356720 32645746
26676157
4509246808 200932969
1614481015
740348927967297536
838236165870247936 62346955 297068660
3462130764
177255227
828383540685455361 200932969
760369764682399744
405374922 25401359
2874488142
156733637 124201028
3911203093
2790368941
111102920
3318056550 16930215
83912380
745134245065064449 32645746
1453500098
478998564
1692513648 62346955 462440757 113447726
747866129213833216
2277910224
809637868859703297
2952484084
792720326811643904
712752325 609561820
2431353823 89097515
47736553
286480608 47736553 104976980
20651473 67788043
2646080982 200932969 1311213606
115214070
154289911
867380738
102544697 1472692416 92425859 25401359 116666416 115146839 39437242 53106875
824314669368123392
553327380 200932969 72433740 28307598 252755023 26831122 46904887 23224159
751108483437760512
753602251
2582495722
156468563
161773798 32336540 25401359
830480723895271425
1616496410
327187789
13395742
150423327
190064416
720593202697388033
24234008 37626336 5920162 16214888 6038602 19508140 120518575 19219542 54553 33159033 13395742
758098531500437504
2811643723
757657026973401088
813107851556102144
52528982
243435361
758059401928249344 55371907 116612351
1355994019
189542514 47736553
101877612
231318983
3494032572
247760803 581187973
255158139
322004861
721197574355611649
755914785204699143
259139467
2890370272 40583484 25401359
1104388968 67788043
328808457 28307598
360104260
3250943934
132376480
722399126382649344
166225515
295973184 113226995 302285547
508315570
115279796
2703582490
2827792281 92425859
818159319841730564 32645746 10922662 25401359
101124043
787340772643213312
136861868 89097515
14092254
2198429808 104976980
309706251 195951901 65453637
721194058044043264
746262605900185601
90097644
216950766
129899378
789524108530757632
547400835 32645746 69741875 35624109
755490355269689345
3421315407
751081278015991808
2988149836
116639755
94234638
106820388 1537161282 19191052 54201398
738416674538442752 195799722
35012952
744355072914620416
306316419 519076162 61078636
761773633840701444
710295181803696129
1311213606
665643
168040763
816806603458572293
128051259
246155166 5920162
124201028
817121137498976258
553772490
25512025
107219038
2985054293 200932969
4726081213
769955004
736237232697135105 105923096 17051065 125798632 104991310
779687285235159041
239066454
1599394586
756104754955247616
55371907
831299530754764801
207505545
2163009686
756095942391107584
25962648
825104909024493568 35012952
261486636
146720941
162226501
86641218
29187814
241279998 1453500098 29187814 57398614
745987587613986816 2696253544
753054233323331585
4549870394
2723685812
103975120
554961106
546113754
87350793 32645746 398324307 195951901 25401359
825765214448558080
158511847
125798632
720582551463727104
773892424141770752
3151071092
144997411 104976980
3027287561 47272257 40583484
291926899 25512025 713251165 25515366
247072808 32645746 177255227 173860156 5920162 106775151
3301088983
154405125
722570682819747840
825907652744056832
2914928904
774262789103816708 23224159
338602504
612133140
897855134
825150505366065152
74484009
722798779724771328
238826541
462440757
830460591730987008
579936212
824339188157992964 35012952
115987223 53434947
1549090376 195951901
778488140
2225541949
605098975 25401359
758713238955503618
824403328343748608 19191052
807027042265038848 63376202 71630892
788226886262411264 87356558 50916591
750152407137517568
760215255515590656 42492322 2843839078
715030279379935232 50916591
47696270
2713084999
804776312279707648
3287687850 32645746 23224159
812922044337659904
831882451421106176
619577214 190064416
1242363062 342520215
553742078
3313641788 37486039
188414030
128652868 282141945 54553 88586329
306944668
872286770 214372994 38218307 108759911 106960233 6878762 28121809 32645746 200932969 23224159 174941514 140666847
739949361577230336 2277910224
830614679961665537 200932969
1478772428 22529067
583374587
43764203
2300131236 274058390 165476646 50916591
248252915
54089582 32645746 89097515 113173341
836587567
2395292275 1264746990
20572669
3120421217
105008056 53106875
195243664
1113216384
56920589
811716561501388800 32645746
2686217022 200932969
756113783853047808
2830564532
831348298304794624
106482213
3829380252
32991790
933313159 44415694
772275962062843905
1526150558
756122367538126848
38218307
751122678505955332
714948085458141184 722570682819747840 126803767
104991310
779105457424117760
4633127221 274058390 50916591
821894175557718016 77100175
810972374984228864
69036645
2843839078
722573583424159744
71346802
432710841 109644441
716545485150904320
261991050
304662427 200932969
588835477
167132089 2760141 43764203 590177181 131009989
109644441
32336540
129642668 19191052 36058028
725138182111551488
570665635
2390092753
10922662
113855145
195799722
102173355
747153067028713472
747864052202868736
751132280463171584
155110081
65661646
137136848
126629925 47736553
985870507 25401359
138062563
720400031212134402 137136848 200932969 17146229 146720941
2273700804 14761124 42774196
4503313212 170419000 2798927961 87356558 165476646
1548561128
15070097 240550564 154405125 28307598 19778207
106129442 101124043 59477012 22525661 54201398
234433259
86117102
2880188920
160638958 43645800 200932969
2722551
283208440
217574138
463323014 709461858952949760
76745475
457992972
19188493
4863081864
85650201
818650708853420032 32645746 16930215
773025872144064512
751106031539916800
3719161813 25401359
3105950502
712466569025036289
763493461236387840
445797382
39855304 35274145 76745475 227823422 86117102 69135909
138302539 132376480 102521476 91936679 154679695 124403702 40711991 125521146
267776884 47736553 136375846
3521865432
37626336
2858216266
40711991
1321751701 816659168
2201772770
82996051
614460245
284347224
2199746654
174520959 49803623
108759911
16214888
218356928 17146229 32991790 25401359
781286553788227584 237198908 4595899813
88854641 5920162
835212199446487040
112305567 92792108 273206407
346663804
194195300 252379545
2951685086
160590735
2992803344 25401359 2972759319
296514622 43645800 200932969 32645746
418188780 45220969 40148705 399858781 88800815
756044341865549824
828358541564006400 165476646
2989056372 200932969
775763193243271168
831537383195738118 200932969
19508140
3063747984 104976980
833053227566374912 2798927961
2581105596
2502459985 3226685065 165476646 2798927961
298280496 42899665 44415694
3298757576
4900633453
157910065 92425859 117247698 66892817 65231154 138915252 32645746
785359170270658560
721127504006615040
862178449
41004018
13454332
109697077 245186738
2579684587 137136848 72433740
2263731205
787805476276666368
54992045
59477012
34483221
195218925 723062077 90946445
752560021595009024 405050666
28353028
576547843
756197752753692672
1256078815 16930215
209392116
750152610309664769
731291932626849793
822300268146503680
174141765 130343560
106216983 148009946
54201398
722560064893095945
395603378 53106875 25401359
19219542
718968579652124672 50916591
93789367
1898572879 200932969 32336540
988038248 74484009 38204398
825761062033223680
247860492
831205290397757440 10698042 89097515 8312972
803868723291385856
769150302243135488
618613856
13446242
2996574426
755895137239232512
824365158357172224
236633527 570665635 102521476 1167440406
3109049825
58412165
273206407
824514535126032385
3010612792 16930215
274058390
317582489
77600657 1616496410 67103019 105419195 83259034
3244161912
462597276
100127848 146676146 34860255 23224159
149199886 53106875
66374824
69610666
4862365047
797058380200296449
205974719
474219596
95980739
2753666461 165476646
758535084186087425
15641805
829734747739824128 1355994019
625236928 102190521 113059388
3263755260 363928537 19188493
609561820
318589740
34860255
1425944042
720562459119988736
275663137 104039510
805571763576786944
50916591
799468055717875712 87356558 50916591
350506226
125521146
1090747046 165476646
539557438 44415694 180984375
2834271487
100986115
2303985116
1138668751
382299415
66770881 200932969 72433740 66050973
2327702828
71630892
44316552
69741875
703673874223738880 145389780
831389787353444354
818351237162668032
723062077
785665907636834304
538438903 10922662 37486039
73936198
2510791724 47520724 115214070
719394670246105088 87356558
614919506
133055367
2833415396
97299807
111094861 18209225 83912380
3277670640 74596930
833443994709405696 47736553 113447726 200932969
720562647729577984
977145200
778427315667599360 97572824 32645746 2833415396
3024273242 47272257 2327702828 25401359 32645746 53106875 113059388
185270577
729768354 200932969
805128194718367744
744172689158447104
4604624364
327058886 47736553 519952294
3770068648
2917008965
61017500
746347779375521792 165476646 50916591
832331932826480640 436335906
1566743695
824374205278015488 35012952
415292755 94234638
138915252
751283798373863425
132689334
102190521
3558700275
637128123
2915725923
131009989
755939978434273280
506760670
3041546298 53106875 25401359
116692346
450235874
2334217530 105419195 59208163
823744779607539714
756045706503319552
835247311638822912
214298098
31337971
408751194 200932969 213934211 80419790
86405546 2355755834 37486039
4651258081
814672935663403008
83756641 200932969 67788043 343565388
834425055828463617 200932969 17146229 25401359
260514164 200932969 72433740 260486367
484328321
821142343193690112
9815702 108510712 5920162 79283 26640415
120518575
45010462
131034657
184877659
69135909
136375846
258510047 13446242 322004861 54249023
461507757 200932969
627037807 200932969
2348072587 67778493 78451687
1450087279
1920582378
39366213
757057897478008832
138071642
818702930417053696 32645746 195951901
117861980
747121776111587328
4755800948 326475117 23224159
822906669134974976
833778810025865216 3226685065
15445622
107523704
3242593024 2798927961 165476646
753439624802865152
2474552958
205450879
818599522406465536
92425859
3226685065
117657226
487711160 375366456 168196026
17002127
3310878024 2496409480
805974331482198016
17575576
75837082
705033219960401920
3178891735 67788043 25401359
459692188
2616012804 67788043 195951901 25401359
756222157760434176
3311944184
292427637 74343308 214154262
276432513 457992972 2230567471
229603174
83957535 245186738 69497315 60414339
114827298 107219038
794691058273697792
750439418876399616 165476646
117247698
38293203
90894038
155496154
353234334 19191052
2206535851
224718566
80637676
786447623548915712
719698303584202753 113447726 16930215
744387794361954304 68517707 57398614 191193397 91628518
134007020 25401359
307993896
885382778 3226685065 2798927961
813584402215145472 343668872
301148948 26640415 462440757 29187814 15641805
97572824
47042816
3282906613
33224776
19074865
140666847
4534405333
32157501
227823422
173211051
721524771683438596
235851589
280609461
2680145742 137136848 360104260 17146229 23224159
751255546628538368
43572538
717930880149229568 63376202 38293203 32645746
68341604
96867583 184877659 67091099 15641805 923813406 36888343
607695654
101867986 52528982
751271017025146881
1216625988 135586311
3303617010
2496409480
133410424
756101774856097792
142102416
2820516660 450235874
3169202334
86175640
823831345
46165920
50188193
722506138260910082
392398073
755882771562762242
81956799
3158329988
37064111 92425859
722535863436107776
113118483
2562783093
755818377818419200 92425859 53106875 587807703
403533748 67788043 26640415
705857383960981504
108629984
284224617
2334386592
52834286
360828280 88249372 40583484
834503509697581058
72585210
802753012468854784 165476646
791915952
709461858952949760
73994242
563156576
813971984501657600 22529067 13446242 59245947 13395742 16930215
835331846586060800 1700832026
85716999
3384126412
756175473927938048
563964578 80670371 113447726
945070640 36296179
708539105169178624 224718566
188505467 67788043 43764203
800033641850085376
116666416
4086077959
2549350026
18802697
4765691074 50916591
722686237535006720
4760665068
2608842829 125910022 2348988775
149007127 31630403
747129120006508545
44527689
573081407
1470954085 47736553
711744266406469632 477511127
329497903 287545251 13000102 65661646 156358069 72585210 240034971
425922652
60608605
746319207843913728
149164129
37851060 46165920 37787107 37159209 6878762 14213549 152123503 90339567 61017500 54249023
3255804170 200932969 32336540
2696253544
798733040801366016
78188654
332938508
4477735094 200932969
178075641 30782194
722878892
4675572463 2798927961 165476646
28307598
15249551
482463891
720504748181450752
180275605 217505056 67788043
468133358
51228828
92062735
38229126 73253165
2954022386 53106875
110814332 139188818 32432692
169765565
22286526
151614511 2811643723 108759911 1548561128 24764075 14213549 1031649007 37787107 36952149 285136495 322004861 23224159
398218305
803871983310147584 13446242 17146229 13395742
65163482
183292130
27824358
86642925
1380717859
2214679278 200932969
776920234255003648 47736553
703031633197162496 200932969 1218795331 17146229
97315562 137136848 405791433
32447877
787382695542128640
756187314896965632
805580102494982144
797163272835186688
47272257
289010573
2756019627
36745546
132973443 104645981 2760141
2427853250
121549722 138071642 195951901
762347794199752704
317892344
2715469502
46322017
1969566050
751675016 95980739
49803623
3303618163 354000457
829478727193128962
120890091
722625525911392256
135336327
1358527693
4329292753 2798927961 165476646 87356558 85650201
775794798493970433
795173125
826176086774075392 165476646
786771464 25401359
342520215
478852059
816455501303058432
2734465036 53434947 69036645 73936198 97139253
755901127334518785
103075472 5920162 195951901 32645746
127113069 92425859 19191052
105419195
823361693061382146 87356558
32515439
803877744157278208 200932969
2667064050
59208163
582504932
117600170 25401359
336977896 164545616 206784000 137155900
823003392213532672 17146229
87831391 115310689 200932969
815052256617828352 165476646
2592274688 350263696
830815915709231105
805505517917454336
756223154767421444
602861020
160363034
137335332
483594791
73146595
1549616348
73025897
619543654 2798927961
4338008354
4406293817
817751832768327680
112620104
717113648074850304
806211527342583808 113447726
751289774107873280
398324307
104976980
566830882 777681214735908864
17051065
67103019
756331471556653056
717489992126316545
100356720
81383246 92425859
722574464660172801
245190083
786758078565724160 165476646 50916591
237990518
802717142185455617
139562451 25401359 43266718 16930215
3242763420
214372994
780876608601067520
748605921216053248
722631477016571904
102421137
313790795
833392548110548995
106916801 98522179
43266718
767220695575072768 52834286
2910380336
37589689
706337729919918081
4605532513 3226685065
117002954
152539855
726594557765255168 32645746
146180220
365148132 483594791 307077189 140526406 97299807
284242657
720649142343573505
411816687
833344197226856449 86201225 80368657 32645746 113059388 411816687
30782194
20574972
822679439074955265
109715200
46781192
477511127
800454590592225280 165476646
104670245 137136848 160363034 32336540
722501912512307201
113447726
3837501844 317582489 73994242 38293203 25401359
497480499
145677832 138062563
465085468
106179873 100032272 145389780 40583484 67819405 139188629
2198940318 200932969 19275820
2308634659 220505657 32336540 115146839
336752055 113855145 146013635
23884627
633087101 47736553 22529067 60733171
2716895871
1634582923
2171422191
81711979
750229720344780800
2598846871 92774144 102173355 411816687 1664269458 59245947 59609214
83296353 19191052 175430167
544910158
2854657896
746253297783234560
783089282462343168 2263731205
86201225
464344365 25512025 65231154 89097515 22529067
152015758
27194255
44716946
2828571948
829859186976686081
204526492
334384206
373945478 53106875
36100251
67359653
1380770852 15641805 17146229
747805083610517505
36058028
765131136 103449632 236534885 420428079
817091994585534466 165476646
2823862727 2870133347 200932969 28307598 137136848 300672278 195951901
814860919973048320
249345501
234877905
715218421688848384 32336540
728332763611324417 32645746
148009946
27911072 25624546 46685091 36566569 69610666 22529067 90097644 2760141 28121809 2722551 6878762
85732859
78451687
816434247506554880
240940023
61600761
208717010
812758131277107200 275257577 53106875 411816687
822125693475524609 54553
66892817
720590683690676224
749544293107372032
88249372
150283676
97572824
315555528
722478503837437953
557200422
772543797687312385
98522179
801318907315372033
88586422 58412165
722720205575700480
453700159
819594505393344513
2696105934 16930215
1000505888 1969566050 40583484 25401359
731430058343030784
801985285349396480 23224159
1220308764 97622513 53106875
756945158734802944 165476646
3328726926
829396502489374720 32645746 113447726
249680186 272031929 86642925 155110081
816025466 145389780
63376202
87356558
77100175
720561952368562177
3227773388 25401359
134943906
228561460
296074599 102249777
2941629611
35624109
336835761
837190598180249600 47736553 104976980 113447726 40583484
247415671
51950797
1601875130
260486367
380559266 66374824 19191052 2760141
145339628
113226995
135648503
2300278010
247440330 32645746 32336540 25401359
19191052
747101397481558016
811787151104966656 13000102
126748704 68311784
2972759319
54553
436335906
45302440 19191052 2760141 54256111
405050666
102249777
3102540374 137136848
137155900
189939738
364493294
751123331835887616
37787107
1140372798
148428116
57398614
3158107004
730085130526588928
2259160820
798204730891763713
25515366
106960233
1198768136
813578669885181956
805830255915270145
3262675429
381586477 89211820 63376202 145339628 86663733
4321883533
2521449947
755878560133419008
244691135
2787100946
3188014554
749292303366254593 716090137 116612351
5920162
16930215
130184616
812891703950667776 53106875 57398614
710238653159591936 32645746
79283
4183704718
3031450839
573269437
756172881986478081
97318341
702690316944420864
2222324148 47272257 113059388 54201398
1927833792 338140589 17146229 44415694 152539855
596051048
109000953
429357011
188593063 2914928904 44527689 398324307 195951901 25401359
816799610043854848
345795119
766069075592278016
821079244545650690 368564193 16930215
790743692554350593 25401359
2946698244 245186738 2327702828 1179958207
36296179
94727515
2698823564
619506262 65231154 25401359
833440258406641665 2798927961
1689227078 165476646
85418794 43572538
80901651
146599964
66469942 72433740 148428116 17146229
36566569
6878762
367801900
804548869271023616
116651570
797843048889651200 165476646
1194285378 289143506 17146229 33964631
46904887
340076968 57398614 407822079
59343507 28121809 6038602 22529067 2760141 23224159
776596964091846657
1881458856
146613241
806896527813656576 25401359
3148644877 92425859
29857372
38032997
41725774 31630403 2301933896 27114428 27918673 508315570 23659029 155496154 2581105596 26676157
26831122
285136495
794037421
11095422 61600761 259579243 44645182
511064385 17146229
746250496533422081
116314059 86343953
734924662304440321 32336540
732628812454760448
109120307
520998515
726997351445880832 57398614
300045968
823369834994040832
218027668
4656389844 165476646
758147687900262400
41069266
794693174660911105
824397331994808320 32645746
802986057574690816 63376202 92425859
1370001463
42797250 28353028
804901484290834432 82379740 582504932
508028955 261991050 53106875 588835477 5920162
166790128 133410424 115566178 32645746 115146839
4851488629
3783923652
236395212
62346955
822190774968348672
1008939356 166182897 25401359 78451687
744168755316596736
22525661
3907184473
748390282975129600 32645746
1031649007
60733171
309338820 482463891
11302652
318199555
804094841600823297 8312972 14213549 17146229 10698042 59245947 54249023
2571124231 4740441433 100986115
2360279096
742517146744459264 2798927961 50916591
114805380 613038529 183292130 38032997 42761158 207505545 204526492 101877612 851877870 219561427 612133140 43227566 186048745 51228828 205450879
155718357 1537161282 1860870918 135336327 175430167 29556089 40583484
1195338078 130236138 338728943
137817941 25401359
825124950952513536
339973916
55045575 260486367
196849895
82379740
3317985151
4158688700 2230567471
34076467
789655657687515136 32645746
2576058114
3196738986
126505179 346663804 113418542
155711288
4164570372 234877905 16930215
1218795331
756078145674018816
756051119084806145
4009322129 200932969
4903322220
105559894
834968859002167296
152344016 783377720 128746006 557200422 2163009686 411816687
749519454615248896
33159033
825640863493533697
90742698 107523704 65163482
261944010
2414846844 36296179 123484989
67819405
38204398
795512106342879232
83259034
2747492681
287545251
519952294
91936679
3676974794
2749681057
168196026
67778493
3244358180 142102416 232674333 267298087
3172977908
90527682
1931433662 74596930
836544114
80670371
2956980941
253822906
720539004609945600
271016655 54201398 26640415
368564193
102541918
461529291
2331201102 478340249 17146229 200932969
338728943
354007030
101914618
489455910
14768129
722646623046758400
817191604570193921
828788253780279296 29187814
25401359
4665206233 3226685065
781916510113509376 339973916
383522844
1016073500
4414910472 25401359
1483733364
42774196
385041138 53106875 54201398
805800678069243908 161383926
1537161282
92325585 555113764 113059388 32645746 40583484 195951901 107219038
69474382
742528836898717696 68517707 933233119
36952149
833151359138541568 2798927961 165476646
829939846370177025 16930215
88586329
3237457094
585330149
385521762
2784140816 200932969
747857459516182528
80368657
725090775122345984
2348988775
152123503
756164993096220672
808911440195227648
1170422028
343668872
414567496 336835761
8312972
2165408348
48470160
2270036995 131034657
130701422 240942323 897916854 56533205 125729222 57017879
86841934 20574972
152352718 92425859 26640415
718536780 137136848 26640415
749335538591760384
326504649
232674333
289274173
406567411
53106875
784463481823039488
756154416886087681
479664678 25401359
722649769403883520
768349671622225920
782059775345385472
1151995916 25401359
2911486358
489568098 92425859
277075490 37589689
834129230992543744
42899665
145389780
1708341462
1053761965 15361072
269212084 512891547 42774196 17146229 25401359
722590431557599232
798295536939966464 111102920 32645746 53106875 62346955 135648503
275257577
90339567
2956139619
2155321339
142719224
2794229293 95980739
2935390709
728644815315931138
227203332
33831174
149700668
47626508
734806172075589633
3188280517
824851414522302464 10698042 2760141 87356558
1580834521 29187814 247415671
722420966089863168
320537751
165476646
741107402 47736553
825127678567206916
787303556336357376 63376202 117423277 32645746
420428079
102543505
65231154
4771663760
1398446167 47272257 53106875 113059388 195951901 80419790
546916489 200932969 462440757
434368370
519076162
1380431988 13446242 53106875
2301933896
2832207721
805853417902051328 22529067 59245947 16930215
756193626691100672
220202107 81765793 28353028 85716999 93963592 117657226 32645746 23884627 237990518
713251165
755895375274315779
1195523047
1247474659
1041231649
866961488
135593102 2348022324
3329611214 772205130229755904 554961106 398301895 105559894 127687703
803362044938436608 22529067 59245947 17146229 200932969 54249023
601598849 4321883533
4392324133 25401359
758297773238198272 32645746 274058390 50916591
60414339
581187973
3219776533 53106875
819406314526752768 796259534041792512 780604537371361280 32645746 237198908
154679695
350263696
139188629
167885206
744149607505100800
2419668962 111102920 23224159
122796564
43227566
778696810797813767 63376202 53106875
755926948195471360
146676146
806875210045591553 137136848 25401359
188813640 546113754
141284395 109715200
613038529
125729222
18209225
363744196 217574138 90894038 406815231
755885125368442884
15857879
829730888275677184
139856098
558211189
751232924318662656
1010354516 195951901
97622513
3754735699 200932969
61544951
330278956
2924328862 284242657 1090878014
1134186386
2763981729
825125116568678401 47736553 22529067
2316411350 33831174
707332289147985920
175430167
714602698817949696 104976980
3007761656
2714824513
1181997601
39631394
42916388
169747289 34076467 14092254 23977222 39366213
804082829864878081
189753468 155711288
174807602
3346074423
97139253
786936975479623681 613038529 117002954 32645746 195951901 25401359
180984375
301067229 75381284 150423327
1090878014
7100992
53434947
139188818
748348064641912832
595615136
142391909
4564042219
157743757 116666416 614919506 53106875 113447726
751085628884942848
818510627878514688 200932969
756046070333968384
102521476
747873016701386753
836991735930765313 237198908
754914183481729024 735562506962247680
722620764118065153
3009463406
1038768793
512891547
595811743 200932969 17146229
514620984 75837082 32336540
810521053432672256
760288603058479104
398301895
4372050252 145389780 87356558 165476646
44415694
28121809
289143506
4063948393
722692172412252160
2395113986 214298098
816659168
3196637712 59245947
68311784
114301473 300045968 583374587
806613236296523776
1981171
1260346100
362198290
300590387 38032997 120890091 47626508 137136848 497480499 2153784152 260486367
815317835576733696 25401359
856688617 200932969 17146229
2803120482
756099049292492801
201200020
746019986284679168
15998343 69474382 208175891 101914618 255158139 32336540 34860255
419863341
726613379624800256
1592442156
2355755834
721792812438593536
123484989
44645182
245152576
19954498
461637737
722781182371491840
21711729 196418384 19244142
3974550674
1372491031 184886868 354007030
725023568
877181312
753330840986234880 32645746 62346955 113059388
725085903719297024 200932969 72433740 29187814
836783921807441928 368564193 59245947 275610869 16930215
43645800
806885627706953728 22529067 17146229
782291863076208640
542934674 104039510
3007811145
720572556663787520
24661045 200932969 117423277
4700067618
90946445
818190222575878144
10017692
66050973
113476378
749562945806462976
1624521283
46685091
445171357 86663733
761815331849375744
202652212 142719224
316513320
1613973894 137136848 82996051 67788043 17146229
56736689
27114428
1179958207
42761158
722511985779294208
580237436
835312748393283588
80419790
342473001 92425859
47520724
587807703
363928537
145443322
789657450307661824 32645746
315554793
179982652 81711979
115249027
3240192247
125910022
2355706430 200932969
278345975 80637676 301139346 83509244
720535733954588672
13687822
857422219 23224159
254232432
722722183823417345
214154262
127687703
817252946266071042
224828033 200932969
756157479478824960
3315364764 59245947 25401359
826467761182408705
720524983798210561
69497315
155627803
357599852
798460231
792510962397876224
2342703530 130343560 65231154
459769640 70574193
539578653 25512025 240940023
309977672
252755023
2454367399 200932969
399858781
458935113 47736553 128051259 19191052 216950766
294476898
63854243
174730659
61078636
340565687
1963180286 725023568
13606002
3145683714
803248940149710851
1038463398 53106875
1167440406
722716553951764480
701509592 27194255
750131098147954688
803873877118111744 22529067 13395742
1664269458
14761124
727980769872781312
133807929 72433740 17146229
117423277
194468064
2616122251
757640201959202816 2300278010
609399943 570665635
1021044674
1539958458
734203045798518785
4737260035
345772171 1700832026 570665635
152752924
522035827 43764203 8312972
1155342968
837005845846073344
124599617 25512025 77100175
756180352192905216
488799735 137136848 25401359
3138178252
833445517698797568
722489526841712642
756154270039306240
192682010 90527682 89097515 41004018
240942323
275610869
711402168004124672 85650201 32645746 469729355 67778493
116612351
722644099
23977222
67788043
890200675
195951901
393589541 89097515 60733171 80419790
749002657432416256
217505056
750890790294065152
808159139524386816
555113764
508091089 51950797
812506824423460868 62346955 78451687
4840247054
719680682155503620
763116724182921216
2200585922
2348022324
10698042
14664343 116666416 113447726 25401359
821148945334161408
796085582791208961 200932969 145443322 72433740
803307646313000960
826815947742666753
89890122
2298759156
766840982130204673 113447726 165476646
2376399710
3031855158 46322017
18931041
1428440616 10017692
259579243
326475117
445782176
76665246 462597276 72433740
29556089
789639409092014080
4862529379
851666582
1609124354
756113979953541120
2802672356 200932969 17146229
362723025 19191052 54201398
35274145
4595899813
13000102
326525201 243435361 19191052
338140589
375366456
722745369826881537
236534885
273067307
146013635
112852425
2760141
2575527163 245186738 63376202
219561427
4653445512 87356558
110891636
221512622 5920162 22529067 32336540 23224159
723190028222926848
2228896393
2741579474
830623357368430592
39549522
2996486722 200932969 17146229
125828758 24764075 54992045 14213549
816673605421559808 3226685065 274058390 50916591
108510712
828142993 113059388 195951901 142391909
2942401665 195951901
790240359863300096
720589556458741761
339936230 145389780 16930215
823655746458054657
624941286 283208440 51950797
805494860
90799659
88800815
765421376240922624
62865122 22529067
237198908
38313533
825025355975159809
496062917 107523704 22529067 16930215
809482931370622976
65453637
354000457
191340236
95544444 98460568 112852425 425922652
392199779
815770309475401728
828075417496006656
269303162 112620104
40981294 32157501
768163087216091136 165476646
200932969
2828977382 165476646
732692459323457537
814524977642926085
804898744349130752 165476646
571254932
793514727309578240 102421137
127018187 27837876 17146229
100986115
827574274789605376
833538546967273472
785938167492775936
50916591 274058390
757981575388684288 274058390 50916591
714827128
50896554
24764075
1606653355
65234434 36745546 97318341 17146229
4925733990 19191052
443127403 26640415
589493212
2191594620
431129180
240993204 16930215
2287489489
1262751158
212631247
116839638 200932969 72433740 462440757
40148705
805905002543792128 113059388 113447726
3311909102
4903382773
130236138
3190176260 89097515
83762926
1666318585
57720572
407822079
92774144
750071021361922052
3230988632
100032272
60161813
36888343
133087797
3168857810 2153784152 22529067 8312972 43764203
37486039
422532310 71278454 411816687
11829032
741454172088852480
2546333595 516014213 44316552 195799722 36296179 154289911 22286526
76250928
126803767
758097366175985664 63376202 53106875
150449582
1869233220 5920162
68517707
830483421847773184
722610729573081088
23224159
86575920
1327324592 39631394
771347710498643968
234573109
4766976675 44415694 274058390 50916591
750152217114664961
71278454
722460726 25962648 50896554
24634778 6038602
767419768559153152 195951901
382818140 26640415 25401359
821088398106427392
3193831192
2809912268
1408978441 71648341
722512587192147968
15458205
67091099
2851045284
566052003 25401359 53106875 26640415
2840654705 2798927961 1260346100 205974719
44908466
897916854
807123013342789632 67788043 32336540 13687822
794587021167603712
19778207
188020015
790404013346873344
3104325684
799096984036458497
1475553840
756156874890838016
1005216312
803611081738485760 22529067 16930215
80964394 17575576 18802697 39549522 32645746
25624546
2174982848 200932969 17146229
851877870
166182897
302172376 200932969 90799659 14761124
569574934 200932969
2502359478
124403702
83509244
